0.000000000000000000e+00 0.000000000000000000e+00 0.000000000000000000e+00 0.000000000000000000e+00 0.000000000000000000e+00 0.000000000000000000e+00 0.000000000000000000e+00 0.000000000000000000e+00 0.000000000000000000e+00 0.000000000000000000e+00 0.000000000000000000e+00 0.000000000000000000e+00 0.000000000000000000e+00 0.000000000000000000e+00 0.000000000000000000e+00 0.000000000000000000e+00 0.000000000000000000e+00
0.000000000000000000e+00 0.000000000000000000e+00 0.000000000000000000e+00 0.000000000000000000e+00 0.000000000000000000e+00 0.000000000000000000e+00 0.000000000000000000e+00 0.000000000000000000e+00 0.000000000000000000e+00 0.000000000000000000e+00 0.000000000000000000e+00 0.000000000000000000e+00 0.000000000000000000e+00 0.000000000000000000e+00 0.000000000000000000e+00 0.000000000000000000e+00 0.000000000000000000e+00
0.000000000000000000e+00 1.000000000000000000e+02 2.300000000000000000e+01 7.500000000000000000e+02 7.500000000000000000e+01 2.681000000000000050e+00 1.600000000000000033e-01 5.523999999999999773e+02 2.810000000000000053e+00 2.853000000000000114e+02 2.200000000000000178e+00 4.613260000000000218e+02 1.090000000000000080e+00 6.419099999999999682e+02 1.409999999999999920e+00 2.001000000000000001e-01 1.600000000000000033e-01
0.000000000000000000e+00 1.000000000000000000e+02 2.300000000000000000e+01 7.500000000000000000e+02 1.000000000000000000e+02 3.117999999999999883e+00 2.399999999999999911e-01 5.970000000000000000e+02 2.700000000000000178e+00 3.088999999999999773e+02 1.699999999999999956e+00 4.451410000000000196e+02 8.299999999999999600e-01 6.188049999999999500e+02 1.360000000000000098e+00 2.555000000000000049e-01 1.499999999999999944e-01
0.000000000000000000e+00 1.000000000000000000e+02 2.300000000000000000e+01 7.500000000000000000e+02 1.250000000000000000e+02 3.482000000000000206e+00 2.500000000000000000e-01 7.081000000000000227e+02 2.140000000000000124e+00 3.276000000000000227e+02 3.200000000000000178e+00 4.337509999999999764e+02 1.600000000000000089e+00 6.377430000000000518e+02 1.080000000000000071e+00 3.094000000000000083e-01 1.499999999999999944e-01
0.000000000000000000e+00 1.000000000000000000e+02 2.300000000000000000e+01 7.500000000000000000e+02 1.500000000000000000e+02 3.806999999999999940e+00 1.900000000000000022e-01 7.192000000000000455e+02 2.959999999999999964e+00 3.733999999999999773e+02 2.100000000000000089e+00 4.429230000000000018e+02 1.080000000000000071e+00 6.147119999999999891e+02 1.479999999999999982e+00 3.625999999999999779e-01 1.199999999999999956e-01
0.000000000000000000e+00 1.000000000000000000e+02 2.300000000000000000e+01 7.500000000000000000e+02 1.750000000000000000e+02 4.115999999999999659e+00 1.799999999999999933e-01 7.492999999999999545e+02 2.350000000000000089e+00 3.701000000000000227e+02 2.200000000000000178e+00 4.241019999999999754e+02 1.120000000000000107e+00 6.034139999999999873e+02 1.179999999999999938e+00 4.158999999999999919e-01 1.300000000000000044e-01
0.000000000000000000e+00 1.000000000000000000e+02 2.300000000000000000e+01 7.500000000000000000e+02 2.000000000000000000e+02 4.399000000000000021e+00 1.600000000000000033e-01 7.963999999999999773e+02 2.770000000000000018e+00 3.633000000000000114e+02 3.500000000000000000e+00 4.064529999999999745e+02 1.760000000000000009e+00 6.017649999999999864e+02 1.389999999999999902e+00 4.694999999999999729e-01 1.100000000000000006e-01
0.000000000000000000e+00 1.000000000000000000e+02 2.300000000000000000e+01 7.500000000000000000e+02 2.250000000000000000e+02 4.660999999999999588e+00 2.300000000000000100e-01 8.868999999999999773e+02 2.720000000000000195e+00 4.176000000000000227e+02 3.700000000000000178e+00 4.233100000000000023e+02 1.840000000000000080e+00 6.168780000000000427e+02 1.370000000000000107e+00 5.220000000000000195e-01 1.499999999999999944e-01
0.000000000000000000e+00 1.000000000000000000e+02 2.300000000000000000e+01 7.500000000000000000e+02 2.500000000000000000e+02 4.908000000000000362e+00 1.600000000000000033e-01 8.698999999999999773e+02 2.779999999999999805e+00 4.395000000000000000e+02 2.500000000000000000e+00 4.232219999999999800e+02 1.250000000000000000e+00 5.953880000000000337e+02 1.389999999999999902e+00 5.742000000000000437e-01 8.000000000000000167e-02
0.000000000000000000e+00 1.000000000000000000e+02 2.300000000000000000e+01 7.500000000000000000e+02 2.750000000000000000e+02 5.144000000000000128e+00 1.799999999999999933e-01 9.007000000000000455e+02 2.379999999999999893e+00 4.400000000000000000e+02 2.299999999999999822e+00 4.135910000000000082e+02 1.129999999999999893e+00 5.917549999999999955e+02 1.189999999999999947e+00 6.270000000000000018e-01 1.400000000000000133e-01
0.000000000000000000e+00 1.000000000000000000e+02 2.300000000000000000e+01 7.500000000000000000e+02 3.000000000000000000e+02 5.373000000000000220e+00 2.000000000000000111e-01 9.358999999999999773e+02 2.669999999999999929e+00 4.586000000000000227e+02 3.399999999999999911e+00 4.131979999999999791e+02 1.689999999999999947e+00 5.902559999999999718e+02 1.340000000000000080e+00 6.798999999999999488e-01 1.100000000000000006e-01
0.000000000000000000e+00 1.000000000000000000e+02 2.300000000000000000e+01 7.500000000000000000e+02 3.250000000000000000e+02 5.580000000000000071e+00 1.300000000000000044e-01 9.842000000000000455e+02 2.720000000000000195e+00 4.701999999999999886e+02 2.700000000000000178e+00 4.105369999999999777e+02 1.340000000000000080e+00 5.939629999999999654e+02 1.360000000000000098e+00 7.314000000000000501e-01 8.999999999999999667e-02
0.000000000000000000e+00 1.000000000000000000e+02 2.300000000000000000e+01 7.500000000000000000e+02 3.500000000000000000e+02 5.796000000000000263e+00 2.999999999999999889e-01 1.005000000000000000e+03 2.439999999999999947e+00 4.988000000000000114e+02 2.899999999999999911e+00 4.148480000000000132e+02 1.479999999999999982e+00 5.889859999999999900e+02 1.229999999999999982e+00 7.842999999999999972e-01 2.000000000000000111e-01
0.000000000000000000e+00 1.000000000000000000e+02 2.300000000000000000e+01 2.250000000000000000e+03 2.500000000000000000e+01 7.012000000000000455e-01 5.100000000000000089e-01 1.017000000000000028e+02 2.520000000000000018e+00 7.603000000000000114e+01 1.899999999999999911e+00 4.656689999999999827e+02 1.000000000000000000e+00 5.385520000000000209e+02 1.290000000000000036e+00 5.000000000000000278e-02 2.200000000000000011e-01
0.000000000000000000e+00 1.000000000000000000e+02 2.300000000000000000e+01 2.250000000000000000e+03 5.000000000000000000e+01 1.137000000000000011e+00 3.300000000000000155e-01 1.120000000000000000e+02 2.509999999999999787e+00 7.381999999999999318e+01 3.299999999999999822e+00 3.604030000000000200e+02 1.659999999999999920e+00 4.439440000000000168e+02 1.270000000000000018e+00 6.809999999999999387e-02 1.700000000000000122e-01
0.000000000000000000e+00 1.000000000000000000e+02 2.300000000000000000e+01 2.250000000000000000e+03 7.500000000000000000e+01 1.467999999999999972e+00 2.700000000000000178e-01 1.290999999999999943e+02 2.459999999999999964e+00 7.898999999999999488e+01 3.100000000000000089e+00 3.280819999999999936e+02 1.580000000000000071e+00 4.194490000000000123e+02 1.239999999999999991e+00 8.719999999999999973e-02 7.000000000000000666e-02
0.000000000000000000e+00 1.000000000000000000e+02 2.300000000000000000e+01 2.250000000000000000e+03 1.000000000000000000e+02 1.733999999999999986e+00 1.799999999999999933e-01 1.414000000000000057e+02 2.229999999999999982e+00 8.253000000000000114e+01 2.299999999999999822e+00 3.085679999999999836e+02 1.129999999999999893e+00 4.039560000000000173e+02 1.120000000000000107e+00 1.066000000000000003e-01 8.999999999999999667e-02
0.000000000000000000e+00 1.000000000000000000e+02 2.300000000000000000e+01 2.250000000000000000e+03 1.250000000000000000e+02 1.957999999999999963e+00 2.099999999999999922e-01 1.470999999999999943e+02 2.799999999999999822e+00 8.518999999999999773e+01 2.700000000000000178e+00 2.950009999999999764e+02 1.360000000000000098e+00 3.876349999999999909e+02 1.399999999999999911e+00 1.252000000000000057e-01 8.999999999999999667e-02
0.000000000000000000e+00 1.000000000000000000e+02 2.300000000000000000e+01 2.250000000000000000e+03 1.500000000000000000e+02 2.164000000000000146e+00 2.099999999999999922e-01 1.590999999999999943e+02 2.839999999999999858e+00 8.696999999999999886e+01 3.600000000000000089e+00 2.835000000000000000e+02 1.780000000000000027e+00 3.834030000000000200e+02 1.419999999999999929e+00 1.441000000000000059e-01 1.000000000000000056e-01
0.000000000000000000e+00 1.000000000000000000e+02 2.300000000000000000e+01 2.250000000000000000e+03 1.750000000000000000e+02 2.350000000000000089e+00 1.499999999999999944e-01 1.699000000000000057e+02 2.149999999999999911e+00 8.629999999999999716e+01 2.700000000000000178e+00 2.710289999999999964e+02 1.370000000000000107e+00 3.803020000000000209e+02 1.080000000000000071e+00 1.630000000000000060e-01 1.000000000000000056e-01
0.000000000000000000e+00 1.000000000000000000e+02 2.300000000000000000e+01 2.250000000000000000e+03 2.000000000000000000e+02 2.525999999999999801e+00 2.200000000000000011e-01 1.785999999999999943e+02 2.390000000000000124e+00 9.543999999999999773e+01 2.100000000000000089e+00 2.749259999999999877e+02 1.030000000000000027e+00 3.760799999999999841e+02 1.199999999999999956e+00 1.819999999999999951e-01 1.400000000000000133e-01
0.000000000000000000e+00 1.000000000000000000e+02 2.300000000000000000e+01 2.250000000000000000e+03 2.250000000000000000e+02 2.681000000000000050e+00 1.600000000000000033e-01 1.840999999999999943e+02 2.810000000000000053e+00 9.509999999999999432e+01 2.200000000000000178e+00 2.663469999999999800e+02 1.090000000000000080e+00 3.706070000000000277e+02 1.409999999999999920e+00 2.001000000000000001e-01 1.600000000000000033e-01
0.000000000000000000e+00 1.000000000000000000e+02 2.300000000000000000e+01 2.250000000000000000e+03 2.500000000000000000e+02 2.827999999999999847e+00 1.900000000000000022e-01 1.940000000000000000e+02 2.509999999999999787e+00 9.678000000000000114e+01 1.899999999999999911e+00 2.616089999999999804e+02 9.300000000000000488e-01 3.703500000000000227e+02 1.260000000000000009e+00 2.180999999999999883e-01 1.499999999999999944e-01
0.000000000000000000e+00 1.000000000000000000e+02 2.300000000000000000e+01 2.250000000000000000e+03 2.750000000000000000e+02 2.978000000000000203e+00 2.500000000000000000e-01 1.970000000000000000e+02 1.969999999999999973e+00 1.004000000000000057e+02 3.000000000000000000e+00 2.596320000000000050e+02 1.530000000000000027e+00 3.636800000000000068e+02 9.899999999999999911e-01 2.368999999999999995e-01 1.600000000000000033e-01
0.000000000000000000e+00 1.000000000000000000e+02 2.300000000000000000e+01 2.250000000000000000e+03 3.000000000000000000e+02 3.117999999999999883e+00 2.399999999999999911e-01 1.990000000000000000e+02 2.700000000000000178e+00 1.030000000000000000e+02 1.699999999999999956e+00 2.570029999999999859e+02 8.299999999999999600e-01 3.572669999999999959e+02 1.360000000000000098e+00 2.555000000000000049e-01 1.499999999999999944e-01
0.000000000000000000e+00 1.000000000000000000e+02 2.300000000000000000e+01 2.250000000000000000e+03 3.250000000000000000e+02 3.234999999999999876e+00 1.499999999999999944e-01 2.155999999999999943e+02 2.430000000000000160e+00 1.025000000000000000e+02 1.899999999999999911e+00 2.516959999999999980e+02 9.300000000000000488e-01 3.650860000000000127e+02 1.219999999999999973e+00 2.728999999999999759e-01 7.000000000000000666e-02
0.000000000000000000e+00 1.000000000000000000e+02 2.300000000000000000e+01 2.250000000000000000e+03 3.500000000000000000e+02 3.362000000000000099e+00 2.200000000000000011e-01 2.250999999999999943e+02 2.680000000000000160e+00 1.009000000000000057e+02 1.699999999999999956e+00 2.450250000000000057e+02 8.800000000000000044e-01 3.659590000000000032e+02 1.350000000000000089e+00 2.911000000000000254e-01 1.600000000000000033e-01
0.000000000000000000e+00 1.000000000000000000e+02 2.300000000000000000e+01 6.750000000000000000e+03 2.500000000000000000e+01 2.721999999999999975e-01 8.699999999999999956e-01 3.010999999999999943e+01 1.800000000000000044e+00 2.780000000000000071e+01 2.399999999999999911e+00 4.520000000000000000e+02 1.290000000000000036e+00 4.704320000000000164e+02 1.000000000000000000e+00 4.009999999999999676e-02 2.800000000000000266e-01
0.000000000000000000e+00 1.000000000000000000e+02 2.300000000000000000e+01 6.750000000000000000e+03 5.000000000000000000e+01 5.043999999999999595e-01 4.899999999999999911e-01 3.158999999999999986e+01 2.560000000000000053e+00 2.600000000000000000e+01 3.500000000000000000e+00 3.210830000000000268e+02 1.739999999999999991e+00 3.539089999999999918e+02 1.300000000000000044e+00 4.429999999999999910e-02 2.099999999999999922e-01
0.000000000000000000e+00 1.000000000000000000e+02 2.300000000000000000e+01 6.750000000000000000e+03 7.500000000000000000e+01 7.012000000000000455e-01 5.100000000000000089e-01 3.389999999999999858e+01 2.520000000000000018e+00 2.533999999999999986e+01 1.899999999999999911e+00 2.688539999999999850e+02 1.000000000000000000e+00 3.109329999999999927e+02 1.290000000000000036e+00 5.000000000000000278e-02 2.200000000000000011e-01
0.000000000000000000e+00 1.000000000000000000e+02 2.300000000000000000e+01 6.750000000000000000e+03 1.000000000000000000e+02 8.588000000000000078e-01 4.199999999999999845e-01 3.557000000000000028e+01 2.270000000000000018e+00 2.539999999999999858e+01 3.100000000000000089e+00 2.432220000000000084e+02 1.580000000000000071e+00 2.878299999999999841e+02 1.149999999999999911e+00 5.559999999999999665e-02 1.600000000000000033e-01
0.000000000000000000e+00 1.000000000000000000e+02 2.300000000000000000e+01 6.750000000000000000e+03 1.250000000000000000e+02 1.010000000000000009e+00 3.099999999999999978e-01 3.728999999999999915e+01 2.330000000000000071e+00 2.489000000000000057e+01 3.500000000000000000e+00 2.220399999999999920e+02 1.780000000000000027e+00 2.717440000000000282e+02 1.179999999999999938e+00 6.199999999999999956e-02 1.499999999999999944e-01
0.000000000000000000e+00 1.000000000000000000e+02 2.300000000000000000e+01 6.750000000000000000e+03 1.500000000000000000e+02 1.137000000000000011e+00 3.300000000000000155e-01 3.734000000000000341e+01 2.509999999999999787e+00 2.460999999999999943e+01 3.299999999999999822e+00 2.080790000000000077e+02 1.659999999999999920e+00 2.563109999999999786e+02 1.270000000000000018e+00 6.809999999999999387e-02 1.700000000000000122e-01
0.000000000000000000e+00 1.000000000000000000e+02 2.300000000000000000e+01 6.750000000000000000e+03 1.750000000000000000e+02 0.000000000000000000e+00 0.000000000000000000e+00 0.000000000000000000e+00 0.000000000000000000e+00 0.000000000000000000e+00 0.000000000000000000e+00 0.000000000000000000e+00 0.000000000000000000e+00 0.000000000000000000e+00 0.000000000000000000e+00 0.000000000000000000e+00 0.000000000000000000e+00
0.000000000000000000e+00 1.000000000000000000e+02 2.300000000000000000e+01 6.750000000000000000e+03 2.000000000000000000e+02 1.364999999999999991e+00 3.200000000000000067e-01 4.067000000000000171e+01 2.689999999999999947e+00 2.580999999999999872e+01 3.200000000000000178e+00 1.944389999999999930e+02 1.600000000000000089e+00 2.440879999999999939e+02 1.350000000000000089e+00 8.060000000000000497e-02 1.000000000000000056e-01
0.000000000000000000e+00 1.000000000000000000e+02 2.300000000000000000e+01 6.750000000000000000e+03 2.250000000000000000e+02 1.467999999999999972e+00 2.700000000000000178e-01 4.303999999999999915e+01 2.459999999999999964e+00 2.632999999999999829e+01 3.100000000000000089e+00 1.894180000000000064e+02 1.580000000000000071e+00 2.421690000000000111e+02 1.239999999999999991e+00 8.719999999999999973e-02 7.000000000000000666e-02
0.000000000000000000e+00 1.000000000000000000e+02 2.300000000000000000e+01 6.750000000000000000e+03 2.500000000000000000e+02 1.562999999999999945e+00 3.099999999999999978e-01 4.372999999999999687e+01 2.529999999999999805e+00 2.825000000000000000e+01 2.600000000000000089e+00 1.901620000000000061e+02 1.310000000000000053e+00 2.365920000000000130e+02 1.280000000000000027e+00 9.349999999999999978e-02 1.600000000000000033e-01
0.000000000000000000e+00 1.000000000000000000e+02 2.300000000000000000e+01 6.750000000000000000e+03 2.750000000000000000e+02 1.653000000000000025e+00 1.799999999999999933e-01 4.496000000000000085e+01 2.419999999999999929e+00 2.548000000000000043e+01 2.000000000000000000e+00 1.756150000000000091e+02 1.000000000000000000e+00 2.332529999999999859e+02 1.209999999999999964e+00 1.000999999999999945e-01 1.600000000000000033e-01
0.000000000000000000e+00 1.000000000000000000e+02 2.300000000000000000e+01 6.750000000000000000e+03 3.000000000000000000e+02 1.733999999999999986e+00 1.799999999999999933e-01 4.714999999999999858e+01 2.229999999999999982e+00 2.751000000000000156e+01 2.299999999999999822e+00 1.781519999999999868e+02 1.129999999999999893e+00 2.332239999999999895e+02 1.120000000000000107e+00 1.066000000000000003e-01 8.999999999999999667e-02
0.000000000000000000e+00 1.000000000000000000e+02 2.300000000000000000e+01 6.750000000000000000e+03 3.250000000000000000e+02 1.816000000000000059e+00 3.599999999999999867e-01 4.771999999999999886e+01 2.560000000000000053e+00 2.723999999999999844e+01 2.200000000000000178e+00 1.732050000000000125e+02 1.090000000000000080e+00 2.292539999999999907e+02 1.290000000000000036e+00 1.126000000000000056e-01 1.400000000000000133e-01
0.000000000000000000e+00 1.000000000000000000e+02 2.300000000000000000e+01 6.750000000000000000e+03 3.500000000000000000e+02 1.891000000000000014e+00 2.300000000000000100e-01 4.874000000000000199e+01 2.850000000000000089e+00 2.780999999999999872e+01 3.200000000000000178e+00 1.715130000000000052e+02 1.580000000000000071e+00 2.270709999999999980e+02 1.429999999999999938e+00 1.192000000000000004e-01 1.100000000000000006e-01
8.000000000000000000e+01 2.000000000000000000e+01 2.300000000000000000e+01 7.500000000000000000e+02 2.500000000000000000e+01 9.052999999999999936e-01 2.299999999999999822e+00 3.318999999999999773e+02 3.609999999999999876e+00 8.960000000000000000e+02 9.199999999999999289e+00 1.406911000000000058e+03 4.740000000000000213e+00 8.563540000000000418e+02 2.140000000000000124e+00 1.205999999999999989e-01 1.679999999999999938e+00
8.000000000000000000e+01 2.000000000000000000e+01 2.300000000000000000e+01 7.500000000000000000e+02 5.000000000000000000e+01 3.077999999999999847e+00 7.199999999999999734e-01 1.923000000000000000e+03 2.859999999999999876e+00 1.802000000000000000e+03 4.299999999999999822e+00 1.082073000000000093e+03 2.160000000000000142e+00 1.117750000000000000e+03 1.479999999999999982e+00 4.108999999999999875e-01 5.500000000000000444e-01
8.000000000000000000e+01 2.000000000000000000e+01 2.300000000000000000e+01 7.500000000000000000e+02 7.500000000000000000e+01 3.672000000000000153e+00 3.499999999999999778e-01 2.618000000000000000e+03 2.910000000000000142e+00 9.482999999999999545e+02 2.100000000000000089e+00 7.187079999999999700e+02 1.080000000000000071e+00 1.194166999999999916e+03 1.459999999999999964e+00 6.080999999999999739e-01 2.099999999999999922e-01
8.000000000000000000e+01 2.000000000000000000e+01 2.300000000000000000e+01 7.500000000000000000e+02 1.000000000000000000e+02 3.755999999999999783e+00 3.599999999999999867e-01 2.784000000000000000e+03 2.660000000000000142e+00 6.167999999999999545e+02 2.299999999999999822e+00 5.731490000000000009e+02 1.179999999999999938e+00 1.217625999999999976e+03 1.340000000000000080e+00 7.389999999999999902e-01 2.500000000000000000e-01
8.000000000000000000e+01 2.000000000000000000e+01 2.300000000000000000e+01 7.500000000000000000e+02 1.250000000000000000e+02 3.726999999999999869e+00 2.500000000000000000e-01 2.817000000000000000e+03 3.000000000000000000e+00 5.006000000000000227e+02 3.799999999999999822e+00 5.183129999999999882e+02 1.919999999999999929e+00 1.229493999999999915e+03 1.500000000000000000e+00 8.450999999999999623e-01 1.900000000000000022e-01
8.000000000000000000e+01 2.000000000000000000e+01 2.300000000000000000e+01 7.500000000000000000e+02 1.500000000000000000e+02 3.673000000000000043e+00 1.900000000000000022e-01 2.717000000000000000e+03 2.729999999999999982e+00 4.051999999999999886e+02 3.200000000000000178e+00 4.697420000000000186e+02 1.590000000000000080e+00 1.216292999999999893e+03 1.370000000000000107e+00 9.335999999999999854e-01 1.400000000000000133e-01
8.000000000000000000e+01 2.000000000000000000e+01 2.300000000000000000e+01 7.500000000000000000e+02 2.000000000000000000e+02 3.568999999999999950e+00 1.100000000000000006e-01 2.596000000000000000e+03 2.149999999999999911e+00 3.103999999999999773e+02 2.000000000000000000e+00 4.170799999999999841e+02 9.799999999999999822e-01 1.206180000000000064e+03 1.070000000000000062e+00 1.090000000000000080e+00 8.999999999999999667e-02
8.000000000000000000e+01 2.000000000000000000e+01 2.300000000000000000e+01 7.500000000000000000e+02 2.250000000000000000e+02 3.525999999999999801e+00 3.499999999999999778e-01 2.534000000000000000e+03 3.439999999999999947e+00 2.823000000000000114e+02 2.200000000000000178e+00 4.001619999999999777e+02 1.110000000000000098e+00 1.198926999999999907e+03 1.729999999999999982e+00 1.159399999999999986e+00 1.600000000000000033e-01
8.000000000000000000e+01 2.000000000000000000e+01 2.300000000000000000e+01 7.500000000000000000e+02 2.500000000000000000e+02 3.499000000000000110e+00 3.599999999999999867e-01 2.347000000000000000e+03 2.640000000000000124e+00 2.873999999999999773e+02 2.700000000000000178e+00 4.053469999999999800e+02 1.340000000000000080e+00 1.158178000000000111e+03 1.330000000000000071e+00 1.226699999999999902e+00 2.000000000000000111e-01
8.000000000000000000e+01 2.000000000000000000e+01 2.300000000000000000e+01 7.500000000000000000e+02 2.750000000000000000e+02 3.479999999999999982e+00 2.300000000000000100e-01 2.359000000000000000e+03 3.120000000000000107e+00 2.548000000000000114e+02 2.899999999999999911e+00 3.826779999999999973e+02 1.439999999999999947e+00 1.164369999999999891e+03 1.570000000000000062e+00 1.290300000000000002e+00 1.300000000000000044e-01
8.000000000000000000e+01 2.000000000000000000e+01 2.300000000000000000e+01 7.500000000000000000e+02 3.000000000000000000e+02 3.456999999999999851e+00 2.099999999999999922e-01 2.282000000000000000e+03 3.169999999999999929e+00 2.481999999999999886e+02 2.399999999999999911e+00 3.789130000000000109e+02 1.229999999999999982e+00 1.149059999999999945e+03 1.590000000000000080e+00 1.352000000000000091e+00 1.199999999999999956e-01
8.000000000000000000e+01 2.000000000000000000e+01 2.300000000000000000e+01 7.500000000000000000e+02 3.250000000000000000e+02 3.432999999999999829e+00 2.399999999999999911e-01 2.176000000000000000e+03 1.959999999999999964e+00 2.378000000000000114e+02 3.299999999999999822e+00 3.722110000000000127e+02 1.639999999999999902e+00 1.125928000000000111e+03 9.899999999999999911e-01 1.408600000000000074e+00 1.499999999999999944e-01
8.000000000000000000e+01 2.000000000000000000e+01 2.300000000000000000e+01 7.500000000000000000e+02 3.500000000000000000e+02 3.411999999999999922e+00 2.300000000000000100e-01 2.147000000000000000e+03 2.240000000000000213e+00 2.304000000000000057e+02 3.100000000000000089e+00 3.674940000000000282e+02 1.560000000000000053e+00 1.121929000000000087e+03 1.129999999999999893e+00 1.465600000000000014e+00 1.799999999999999933e-01
8.000000000000000000e+01 2.000000000000000000e+01 2.300000000000000000e+01 2.250000000000000000e+03 2.500000000000000000e+01 1.643999999999999906e-01 2.970000000000000195e+00 1.848000000000000043e+01 4.139999999999999680e+00 2.105999999999999872e+01 4.400000000000000355e+00 5.062019999999999982e+02 2.649999999999999911e+00 4.741220000000000141e+02 2.549999999999999822e+00 4.460000000000000075e-02 1.540000000000000036e+00
8.000000000000000000e+01 2.000000000000000000e+01 2.300000000000000000e+01 2.250000000000000000e+03 5.000000000000000000e+01 3.922999999999999821e-01 1.320000000000000062e+00 3.679999999999999716e+01 4.599999999999999645e+00 6.495999999999999375e+01 6.500000000000000000e+00 5.754410000000000309e+02 3.310000000000000053e+00 4.331120000000000232e+02 2.390000000000000124e+00 6.750000000000000444e-02 6.600000000000000311e-01
8.000000000000000000e+01 2.000000000000000000e+01 2.300000000000000000e+01 2.250000000000000000e+03 7.500000000000000000e+01 9.052999999999999936e-01 2.299999999999999822e+00 1.105999999999999943e+02 3.609999999999999876e+00 2.986999999999999886e+02 9.199999999999999289e+00 8.122799999999999727e+02 4.740000000000000213e+00 4.944159999999999968e+02 2.140000000000000124e+00 1.205999999999999989e-01 1.679999999999999938e+00
8.000000000000000000e+01 2.000000000000000000e+01 2.300000000000000000e+01 2.250000000000000000e+03 1.000000000000000000e+02 1.758000000000000007e+00 1.449999999999999956e+00 2.803999999999999773e+02 3.910000000000000142e+00 6.456000000000000227e+02 5.400000000000000355e+00 8.570460000000000491e+02 2.790000000000000036e+00 5.648450000000000273e+02 2.080000000000000071e+00 2.147000000000000020e-01 1.110000000000000098e+00
8.000000000000000000e+01 2.000000000000000000e+01 2.300000000000000000e+01 2.250000000000000000e+03 1.250000000000000000e+02 2.587000000000000188e+00 9.699999999999999734e-01 4.553999999999999773e+02 3.319999999999999840e+00 7.172999999999999545e+02 4.099999999999999645e+00 7.446240000000000236e+02 2.089999999999999858e+00 5.932799999999999727e+02 1.729999999999999982e+00 3.227999999999999758e-01 6.899999999999999467e-01
8.000000000000000000e+01 2.000000000000000000e+01 2.300000000000000000e+01 2.250000000000000000e+03 1.500000000000000000e+02 3.077999999999999847e+00 7.199999999999999734e-01 6.407999999999999545e+02 2.859999999999999876e+00 6.006000000000000227e+02 4.299999999999999822e+00 6.247350000000000136e+02 2.160000000000000142e+00 6.453329999999999700e+02 1.479999999999999982e+00 4.108999999999999875e-01 5.500000000000000444e-01
8.000000000000000000e+01 2.000000000000000000e+01 2.300000000000000000e+01 2.250000000000000000e+03 1.750000000000000000e+02 3.402000000000000135e+00 4.199999999999999845e-01 7.317999999999999545e+02 2.350000000000000089e+00 4.680000000000000000e+02 3.000000000000000000e+00 5.245309999999999491e+02 1.500000000000000000e+00 6.558799999999999955e+02 1.199999999999999956e+00 4.885999999999999788e-01 3.099999999999999978e-01
8.000000000000000000e+01 2.000000000000000000e+01 2.300000000000000000e+01 2.250000000000000000e+03 2.000000000000000000e+02 3.585999999999999854e+00 3.900000000000000133e-01 8.166000000000000227e+02 2.759999999999999787e+00 3.913000000000000114e+02 4.799999999999999822e+00 4.671890000000000214e+02 2.399999999999999911e+00 6.748600000000000136e+02 1.399999999999999911e+00 5.536999999999999700e-01 2.800000000000000266e-01
8.000000000000000000e+01 2.000000000000000000e+01 2.300000000000000000e+01 2.250000000000000000e+03 2.250000000000000000e+02 3.672000000000000153e+00 3.499999999999999778e-01 8.702999999999999545e+02 2.939999999999999947e+00 3.156999999999999886e+02 2.200000000000000178e+00 4.147019999999999982e+02 1.120000000000000107e+00 6.885420000000000300e+02 1.479999999999999982e+00 6.079999999999999849e-01 2.099999999999999922e-01
8.000000000000000000e+01 2.000000000000000000e+01 2.300000000000000000e+01 2.250000000000000000e+03 2.500000000000000000e+02 3.737000000000000099e+00 2.899999999999999800e-01 8.943999999999999773e+02 2.640000000000000124e+00 2.581999999999999886e+02 3.100000000000000089e+00 3.717219999999999800e+02 1.580000000000000071e+00 6.919009999999999536e+02 1.330000000000000071e+00 6.575999999999999623e-01 2.300000000000000100e-01
8.000000000000000000e+01 2.000000000000000000e+01 2.300000000000000000e+01 2.250000000000000000e+03 2.750000000000000000e+02 3.733000000000000096e+00 4.500000000000000111e-01 9.151000000000000227e+02 2.450000000000000178e+00 2.325000000000000000e+02 2.500000000000000000e+00 3.529270000000000209e+02 1.290000000000000036e+00 7.001970000000000027e+02 1.239999999999999991e+00 6.984000000000000208e-01 3.200000000000000067e-01
8.000000000000000000e+01 2.000000000000000000e+01 2.300000000000000000e+01 2.250000000000000000e+03 3.000000000000000000e+02 3.755999999999999783e+00 3.599999999999999867e-01 9.280000000000000000e+02 2.660000000000000142e+00 2.055999999999999943e+02 2.299999999999999822e+00 3.309080000000000155e+02 1.179999999999999938e+00 7.029969999999999573e+02 1.340000000000000080e+00 7.389999999999999902e-01 2.500000000000000000e-01
8.000000000000000000e+01 2.000000000000000000e+01 2.300000000000000000e+01 2.250000000000000000e+03 3.250000000000000000e+02 3.745999999999999996e+00 2.899999999999999800e-01 9.210000000000000000e+02 2.399999999999999911e+00 1.863000000000000114e+02 3.299999999999999822e+00 3.153740000000000236e+02 1.659999999999999920e+00 7.012390000000000327e+02 1.209999999999999964e+00 7.759000000000000341e-01 2.099999999999999922e-01
8.000000000000000000e+01 2.000000000000000000e+01 2.300000000000000000e+01 2.250000000000000000e+03 3.500000000000000000e+02 3.737999999999999989e+00 2.600000000000000089e-01 8.716000000000000227e+02 2.970000000000000195e+00 1.683000000000000114e+02 2.299999999999999822e+00 3.001070000000000277e+02 1.169999999999999929e+00 6.829260000000000446e+02 1.489999999999999991e+00 8.114000000000000101e-01 1.799999999999999933e-01
8.000000000000000000e+01 2.000000000000000000e+01 2.300000000000000000e+01 6.750000000000000000e+03 2.500000000000000000e+01 5.983000000000000124e-02 7.320000000000000284e+00 5.230999999999999872e+00 3.339999999999999858e+00 5.203999999999999737e+00 3.600000000000000089e+00 4.170950000000000273e+02 4.089999999999999858e+00 4.181680000000000064e+02 4.019999999999999574e+00 3.790000000000000313e-02 1.600000000000000089e+00
8.000000000000000000e+01 2.000000000000000000e+01 2.300000000000000000e+01 6.750000000000000000e+03 5.000000000000000000e+01 9.646000000000000407e-02 3.419999999999999929e+00 5.756000000000000227e+00 3.299999999999999822e+00 5.575000000000000178e+00 4.200000000000000178e+00 3.399970000000000141e+02 2.720000000000000195e+00 3.454660000000000082e+02 2.379999999999999893e+00 4.039999999999999841e-02 7.399999999999999911e-01
8.000000000000000000e+01 2.000000000000000000e+01 2.300000000000000000e+01 6.750000000000000000e+03 7.500000000000000000e+01 1.597000000000000086e-01 3.640000000000000124e+00 6.450000000000000178e+00 3.290000000000000036e+00 7.442999999999999616e+00 6.799999999999999822e+00 3.052699999999999818e+02 3.859999999999999876e+00 2.841750000000000114e+02 2.450000000000000178e+00 4.619999999999999801e-02 1.850000000000000089e+00
8.000000000000000000e+01 2.000000000000000000e+01 2.300000000000000000e+01 6.750000000000000000e+03 1.000000000000000000e+02 2.326000000000000012e-01 3.089999999999999858e+00 7.368999999999999773e+00 2.970000000000000195e+00 1.050999999999999979e+01 8.000000000000000000e+00 3.006850000000000023e+02 4.309999999999999609e+00 2.517239999999999895e+02 2.140000000000000124e+00 5.050000000000000322e-02 1.060000000000000053e+00
8.000000000000000000e+01 2.000000000000000000e+01 2.300000000000000000e+01 6.750000000000000000e+03 1.250000000000000000e+02 2.938999999999999946e-01 2.100000000000000089e+00 9.227999999999999758e+00 3.879999999999999893e+00 1.341000000000000014e+01 6.599999999999999645e+00 3.021039999999999850e+02 3.470000000000000195e+00 2.505860000000000127e+02 2.209999999999999964e+00 5.820000000000000173e-02 9.100000000000000311e-01
8.000000000000000000e+01 2.000000000000000000e+01 2.300000000000000000e+01 6.750000000000000000e+03 1.500000000000000000e+02 3.922999999999999821e-01 1.320000000000000062e+00 1.226999999999999957e+01 4.599999999999999645e+00 2.164999999999999858e+01 6.500000000000000000e+00 3.322309999999999945e+02 3.310000000000000053e+00 2.500569999999999879e+02 2.390000000000000124e+00 6.750000000000000444e-02 6.600000000000000311e-01
8.000000000000000000e+01 2.000000000000000000e+01 2.300000000000000000e+01 6.750000000000000000e+03 1.750000000000000000e+02 5.182999999999999829e-01 1.919999999999999929e+00 1.739999999999999858e+01 3.830000000000000071e+00 3.761999999999999744e+01 7.599999999999999645e+00 3.810049999999999955e+02 3.919999999999999929e+00 2.591050000000000182e+02 2.140000000000000124e+00 8.000000000000000167e-02 9.799999999999999822e-01
8.000000000000000000e+01 2.000000000000000000e+01 2.300000000000000000e+01 6.750000000000000000e+03 2.000000000000000000e+02 7.038999999999999702e-01 1.070000000000000062e+00 2.546000000000000085e+01 3.700000000000000178e+00 6.950000000000000000e+01 5.400000000000000355e+00 4.443870000000000005e+02 2.729999999999999982e+00 2.689780000000000086e+02 1.929999999999999938e+00 9.859999999999999321e-02 9.399999999999999467e-01
8.000000000000000000e+01 2.000000000000000000e+01 2.300000000000000000e+01 6.750000000000000000e+03 2.250000000000000000e+02 9.052999999999999936e-01 2.299999999999999822e+00 3.688000000000000256e+01 3.609999999999999876e+00 9.954999999999999716e+01 9.199999999999999289e+00 4.689700000000000273e+02 4.740000000000000213e+00 2.854510000000000218e+02 2.140000000000000124e+00 1.205999999999999989e-01 1.679999999999999938e+00
8.000000000000000000e+01 2.000000000000000000e+01 2.300000000000000000e+01 6.750000000000000000e+03 2.500000000000000000e+02 1.155999999999999917e+00 2.060000000000000053e+00 5.039999999999999858e+01 5.070000000000000284e+00 1.448000000000000114e+02 4.500000000000000000e+00 5.003820000000000050e+02 2.470000000000000195e+00 2.952579999999999814e+02 2.740000000000000213e+00 1.476000000000000090e-01 1.370000000000000107e+00
8.000000000000000000e+01 2.000000000000000000e+01 2.300000000000000000e+01 6.750000000000000000e+03 2.750000000000000000e+02 1.512000000000000011e+00 1.560000000000000053e+00 7.612999999999999545e+01 3.680000000000000160e+00 1.974000000000000057e+02 3.700000000000000178e+00 5.109460000000000264e+02 2.009999999999999787e+00 3.172780000000000200e+02 2.000000000000000000e+00 1.839000000000000079e-01 1.250000000000000000e+00
8.000000000000000000e+01 2.000000000000000000e+01 2.300000000000000000e+01 6.750000000000000000e+03 3.000000000000000000e+02 1.758000000000000007e+00 1.449999999999999956e+00 9.348000000000000398e+01 3.910000000000000142e+00 2.151999999999999886e+02 5.400000000000000355e+00 4.948159999999999741e+02 2.790000000000000036e+00 3.261129999999999995e+02 2.080000000000000071e+00 2.147000000000000020e-01 1.110000000000000098e+00
8.000000000000000000e+01 2.000000000000000000e+01 2.300000000000000000e+01 6.750000000000000000e+03 3.250000000000000000e+02 2.120000000000000107e+00 1.189999999999999947e+00 1.180000000000000000e+02 3.970000000000000195e+00 2.315000000000000000e+02 3.299999999999999822e+00 4.673269999999999982e+02 1.760000000000000009e+00 3.336170000000000186e+02 2.069999999999999840e+00 2.561999999999999833e-01 8.900000000000000133e-01
8.000000000000000000e+01 2.000000000000000000e+01 2.300000000000000000e+01 6.750000000000000000e+03 3.500000000000000000e+02 2.358999999999999986e+00 9.499999999999999556e-01 1.395999999999999943e+02 2.430000000000000160e+00 2.379000000000000057e+02 2.799999999999999822e+00 4.490609999999999786e+02 1.479999999999999982e+00 3.440699999999999932e+02 1.300000000000000044e+00 2.887000000000000122e-01 7.500000000000000000e-01
8.500000000000000000e+01 1.500000000000000000e+01 2.300000000000000000e+01 7.500000000000000000e+02 2.500000000000000000e+01 1.209000000000000075e+00 2.589999999999999858e+00 6.265000000000000000e+02 4.509999999999999787e+00 2.061000000000000000e+03 5.700000000000000178e+00 1.845980000000000018e+03 3.120000000000000107e+00 1.017903000000000020e+03 2.600000000000000089e+00 1.622000000000000108e-01 1.639999999999999902e+00
8.500000000000000000e+01 1.500000000000000000e+01 2.300000000000000000e+01 7.500000000000000000e+02 5.000000000000000000e+01 3.184000000000000163e+00 4.899999999999999911e-01 2.610000000000000000e+03 2.819999999999999840e+00 1.597000000000000000e+03 3.000000000000000000e+00 1.001399000000000001e+03 1.530000000000000027e+00 1.280378999999999905e+03 1.429999999999999938e+00 5.052999999999999714e-01 3.400000000000000244e-01
8.500000000000000000e+01 1.500000000000000000e+01 2.300000000000000000e+01 7.500000000000000000e+02 7.500000000000000000e+01 3.419000000000000039e+00 2.500000000000000000e-01 3.210000000000000000e+03 3.129999999999999893e+00 7.858999999999999773e+02 2.100000000000000089e+00 6.780639999999999645e+02 1.060000000000000053e+00 1.370448000000000093e+03 1.570000000000000062e+00 6.926999999999999824e-01 1.700000000000000122e-01
8.500000000000000000e+01 1.500000000000000000e+01 2.300000000000000000e+01 7.500000000000000000e+02 1.000000000000000000e+02 3.370000000000000107e+00 2.999999999999999889e-01 3.172000000000000000e+03 2.509999999999999787e+00 5.283999999999999773e+02 1.699999999999999956e+00 5.599519999999999982e+02 8.800000000000000044e-01 1.371904999999999973e+03 1.270000000000000018e+00 8.179999999999999494e-01 2.099999999999999922e-01
8.500000000000000000e+01 1.500000000000000000e+01 2.300000000000000000e+01 7.500000000000000000e+02 1.250000000000000000e+02 0.000000000000000000e+00 0.000000000000000000e+00 0.000000000000000000e+00 0.000000000000000000e+00 0.000000000000000000e+00 0.000000000000000000e+00 0.000000000000000000e+00 0.000000000000000000e+00 0.000000000000000000e+00 0.000000000000000000e+00 0.000000000000000000e+00 0.000000000000000000e+00
8.500000000000000000e+01 1.500000000000000000e+01 2.300000000000000000e+01 7.500000000000000000e+02 1.500000000000000000e+02 3.221999999999999975e+00 3.499999999999999778e-01 2.911000000000000000e+03 2.250000000000000000e+00 3.503999999999999773e+02 3.000000000000000000e+00 4.663929999999999723e+02 1.500000000000000000e+00 1.344119999999999891e+03 1.139999999999999902e+00 1.010599999999999943e+00 1.900000000000000022e-01
8.500000000000000000e+01 1.500000000000000000e+01 2.300000000000000000e+01 7.500000000000000000e+02 1.750000000000000000e+02 3.176000000000000156e+00 3.300000000000000155e-01 2.935000000000000000e+03 1.489999999999999991e+00 3.290000000000000000e+02 9.000000000000000222e-01 4.551789999999999736e+02 4.600000000000000200e-01 1.359645999999999958e+03 7.600000000000000089e-01 1.096000000000000085e+00 2.500000000000000000e-01
8.500000000000000000e+01 1.500000000000000000e+01 2.300000000000000000e+01 7.500000000000000000e+02 2.000000000000000000e+02 3.128000000000000114e+00 2.500000000000000000e-01 2.788000000000000000e+03 2.770000000000000018e+00 2.908000000000000114e+02 1.300000000000000044e+00 4.312019999999999982e+02 6.700000000000000400e-01 1.335035000000000082e+03 1.389999999999999902e+00 1.170800000000000063e+00 1.499999999999999944e-01
8.500000000000000000e+01 1.500000000000000000e+01 2.300000000000000000e+01 7.500000000000000000e+02 2.250000000000000000e+02 3.093999999999999861e+00 2.600000000000000089e-01 2.719000000000000000e+03 2.890000000000000124e+00 2.683000000000000114e+02 2.500000000000000000e+00 4.164660000000000082e+02 1.239999999999999991e+00 1.325681000000000040e+03 1.449999999999999956e+00 1.241900000000000004e+00 1.799999999999999933e-01
8.500000000000000000e+01 1.500000000000000000e+01 2.300000000000000000e+01 7.500000000000000000e+02 2.500000000000000000e+02 3.051000000000000156e+00 2.399999999999999911e-01 2.617000000000000000e+03 2.240000000000000213e+00 2.666999999999999886e+02 3.000000000000000000e+00 4.181320000000000050e+02 1.520000000000000018e+00 1.309855000000000018e+03 1.129999999999999893e+00 1.308300000000000018e+00 1.400000000000000133e-01
8.500000000000000000e+01 1.500000000000000000e+01 2.300000000000000000e+01 7.500000000000000000e+02 2.750000000000000000e+02 3.012000000000000011e+00 3.400000000000000244e-01 2.460000000000000000e+03 2.209999999999999964e+00 2.369000000000000057e+02 3.299999999999999822e+00 3.966340000000000146e+02 1.679999999999999938e+00 1.278208000000000084e+03 1.120000000000000107e+00 1.368900000000000006e+00 2.200000000000000011e-01
8.500000000000000000e+01 1.500000000000000000e+01 2.300000000000000000e+01 7.500000000000000000e+02 3.000000000000000000e+02 2.995000000000000107e+00 3.300000000000000155e-01 2.409000000000000000e+03 2.359999999999999876e+00 2.305999999999999943e+02 3.000000000000000000e+00 3.924069999999999823e+02 1.520000000000000018e+00 1.268224999999999909e+03 1.189999999999999947e+00 1.431100000000000039e+00 2.099999999999999922e-01
8.500000000000000000e+01 1.500000000000000000e+01 2.300000000000000000e+01 7.500000000000000000e+02 3.250000000000000000e+02 3.000000000000000000e+00 3.800000000000000044e-01 2.380000000000000000e+03 3.149999999999999911e+00 2.350999999999999943e+02 3.000000000000000000e+00 3.959130000000000109e+02 1.520000000000000018e+00 1.259604000000000042e+03 1.580000000000000071e+00 1.496399999999999952e+00 2.099999999999999922e-01
8.500000000000000000e+01 1.500000000000000000e+01 2.300000000000000000e+01 7.500000000000000000e+02 3.500000000000000000e+02 2.979999999999999982e+00 2.300000000000000100e-01 2.331000000000000000e+03 2.580000000000000071e+00 2.184000000000000057e+02 2.200000000000000178e+00 3.828050000000000068e+02 1.080000000000000071e+00 1.250550999999999931e+03 1.300000000000000044e+00 1.551600000000000090e+00 1.600000000000000033e-01
8.500000000000000000e+01 1.500000000000000000e+01 2.300000000000000000e+01 2.250000000000000000e+03 2.500000000000000000e+01 1.482999999999999874e-01 2.640000000000000124e+00 1.935000000000000142e+01 4.230000000000000426e+00 2.107999999999999829e+01 4.900000000000000355e+00 5.331159999999999854e+02 2.759999999999999787e+00 5.107830000000000155e+02 2.490000000000000213e+00 4.540000000000000285e-02 1.320000000000000062e+00
8.500000000000000000e+01 1.500000000000000000e+01 2.300000000000000000e+01 2.250000000000000000e+03 5.000000000000000000e+01 4.354999999999999982e-01 3.740000000000000213e+00 4.679999999999999716e+01 4.400000000000000355e+00 1.012999999999999972e+02 7.799999999999999822e+00 6.821639999999999873e+02 4.320000000000000284e+00 4.636240000000000236e+02 2.890000000000000124e+00 7.620000000000000384e-02 2.189999999999999947e+00
8.500000000000000000e+01 1.500000000000000000e+01 2.300000000000000000e+01 2.250000000000000000e+03 7.500000000000000000e+01 1.187999999999999945e+00 1.580000000000000071e+00 2.005999999999999943e+02 3.750000000000000000e+00 5.956000000000000227e+02 3.600000000000000089e+00 1.001437999999999988e+03 1.969999999999999973e+00 5.812290000000000418e+02 2.029999999999999805e+00 1.608999999999999875e-01 1.090000000000000080e+00
8.500000000000000000e+01 1.500000000000000000e+01 2.300000000000000000e+01 2.250000000000000000e+03 1.000000000000000000e+02 2.205000000000000071e+00 6.800000000000000488e-01 5.056999999999999886e+02 3.100000000000000089e+00 9.128999999999999773e+02 3.600000000000000089e+00 9.098990000000000009e+02 1.840000000000000080e+00 6.772029999999999745e+02 1.590000000000000080e+00 2.954999999999999849e-01 7.600000000000000089e-01
8.500000000000000000e+01 1.500000000000000000e+01 2.300000000000000000e+01 2.250000000000000000e+03 1.250000000000000000e+02 2.831999999999999851e+00 7.900000000000000355e-01 7.063999999999999773e+02 2.899999999999999911e+00 7.352999999999999545e+02 2.600000000000000089e+00 7.206599999999999682e+02 1.360000000000000098e+00 7.063519999999999754e+02 1.500000000000000000e+00 4.111000000000000210e-01 7.900000000000000355e-01
8.500000000000000000e+01 1.500000000000000000e+01 2.300000000000000000e+01 2.250000000000000000e+03 1.500000000000000000e+02 3.192000000000000171e+00 4.000000000000000222e-01 8.741000000000000227e+02 2.180000000000000160e+00 5.335000000000000000e+02 2.700000000000000178e+00 5.781240000000000236e+02 1.340000000000000080e+00 7.400449999999999591e+02 1.110000000000000098e+00 5.058000000000000274e-01 3.400000000000000244e-01
8.500000000000000000e+01 1.500000000000000000e+01 2.300000000000000000e+01 2.250000000000000000e+03 1.750000000000000000e+02 3.346000000000000085e+00 3.699999999999999956e-01 9.728999999999999773e+02 2.890000000000000124e+00 4.063999999999999773e+02 2.500000000000000000e+00 4.928700000000000045e+02 1.280000000000000027e+00 7.625900000000000318e+02 1.459999999999999964e+00 5.802000000000000490e-01 2.600000000000000089e-01
8.500000000000000000e+01 1.500000000000000000e+01 2.300000000000000000e+01 2.250000000000000000e+03 2.000000000000000000e+02 3.394000000000000128e+00 4.299999999999999933e-01 1.053000000000000000e+03 2.450000000000000178e+00 3.151000000000000227e+02 3.000000000000000000e+00 4.309159999999999968e+02 1.489999999999999991e+00 7.877430000000000518e+02 1.250000000000000000e+00 6.388000000000000345e-01 3.099999999999999978e-01
8.500000000000000000e+01 1.500000000000000000e+01 2.300000000000000000e+01 2.250000000000000000e+03 2.250000000000000000e+02 3.419000000000000039e+00 2.500000000000000000e-01 1.070000000000000000e+03 3.129999999999999893e+00 2.620000000000000000e+02 2.100000000000000089e+00 3.914800000000000182e+02 1.060000000000000053e+00 7.912279999999999518e+02 1.570000000000000062e+00 6.926999999999999824e-01 1.700000000000000122e-01
8.500000000000000000e+01 1.500000000000000000e+01 2.300000000000000000e+01 2.250000000000000000e+03 2.500000000000000000e+02 3.422000000000000153e+00 3.099999999999999978e-01 1.037000000000000000e+03 2.209999999999999964e+00 2.239000000000000057e+02 2.500000000000000000e+00 3.617799999999999727e+02 1.260000000000000009e+00 7.783890000000000100e+02 1.120000000000000107e+00 7.395000000000000462e-01 2.200000000000000011e-01
8.500000000000000000e+01 1.500000000000000000e+01 2.300000000000000000e+01 2.250000000000000000e+03 2.750000000000000000e+02 3.394000000000000128e+00 3.599999999999999867e-01 1.051000000000000000e+03 3.140000000000000124e+00 2.040999999999999943e+02 3.299999999999999822e+00 3.467540000000000191e+02 1.669999999999999929e+00 7.868139999999999645e+02 1.580000000000000071e+00 7.795999999999999597e-01 2.600000000000000089e-01
8.500000000000000000e+01 1.500000000000000000e+01 2.300000000000000000e+01 2.250000000000000000e+03 3.000000000000000000e+02 3.370000000000000107e+00 2.999999999999999889e-01 1.057000000000000000e+03 2.509999999999999787e+00 1.760999999999999943e+02 1.699999999999999956e+00 3.232880000000000109e+02 8.800000000000000044e-01 7.920700000000000500e+02 1.270000000000000018e+00 8.179999999999999494e-01 2.099999999999999922e-01
8.500000000000000000e+01 1.500000000000000000e+01 2.300000000000000000e+01 2.250000000000000000e+03 3.250000000000000000e+02 3.343999999999999861e+00 3.499999999999999778e-01 1.062000000000000000e+03 2.049999999999999822e+00 1.583000000000000114e+02 2.399999999999999911e+00 3.076800000000000068e+02 1.229999999999999982e+00 7.968229999999999791e+02 1.040000000000000036e+00 8.550999999999999712e-01 2.099999999999999922e-01
8.500000000000000000e+01 1.500000000000000000e+01 2.300000000000000000e+01 2.250000000000000000e+03 3.500000000000000000e+02 3.329000000000000181e+00 2.399999999999999911e-01 1.023000000000000000e+03 2.500000000000000000e+00 1.531999999999999886e+02 2.500000000000000000e+00 3.034080000000000155e+02 1.280000000000000027e+00 7.837839999999999918e+02 1.260000000000000009e+00 8.917000000000000481e-01 1.600000000000000033e-01
8.500000000000000000e+01 1.500000000000000000e+01 2.300000000000000000e+01 6.750000000000000000e+03 2.500000000000000000e+01 4.272999999999999715e-02 6.879999999999999893e+00 4.746999999999999886e+00 3.410000000000000142e+00 4.793000000000000149e+00 3.799999999999999822e+00 4.736789999999999736e+02 3.930000000000000160e+00 4.713790000000000191e+02 3.839999999999999858e+00 3.860000000000000236e-02 1.300000000000000044e+00
8.500000000000000000e+01 1.500000000000000000e+01 2.300000000000000000e+01 6.750000000000000000e+03 5.000000000000000000e+01 1.015999999999999959e-01 4.259999999999999787e+00 5.200999999999999623e+00 3.290000000000000036e+00 5.557000000000000384e+00 2.899999999999999911e+00 3.307540000000000191e+02 2.589999999999999858e+00 3.200040000000000191e+02 2.689999999999999947e+00 4.139999999999999930e-02 1.919999999999999929e+00
8.500000000000000000e+01 1.500000000000000000e+01 2.300000000000000000e+01 6.750000000000000000e+03 7.500000000000000000e+01 1.529000000000000081e-01 2.319999999999999840e+00 6.413999999999999702e+00 3.970000000000000195e+00 7.190000000000000391e+00 8.599999999999999645e+00 3.066990000000000123e+02 4.469999999999999751e+00 2.896800000000000068e+02 2.299999999999999822e+00 4.560000000000000164e-02 8.699999999999999956e-01
8.500000000000000000e+01 1.500000000000000000e+01 2.300000000000000000e+01 6.750000000000000000e+03 1.000000000000000000e+02 2.258000000000000007e-01 3.359999999999999876e+00 7.190999999999999837e+00 3.370000000000000107e+00 9.638999999999999346e+00 7.700000000000000178e+00 2.921700000000000159e+02 4.219999999999999751e+00 2.523530000000000086e+02 2.379999999999999893e+00 5.220000000000000334e-02 7.500000000000000000e-01
8.500000000000000000e+01 1.500000000000000000e+01 2.300000000000000000e+01 6.750000000000000000e+03 1.250000000000000000e+02 3.057000000000000273e-01 3.299999999999999822e+00 1.082000000000000028e+01 5.209999999999999964e+00 1.864000000000000057e+01 6.200000000000000178e+00 3.492350000000000136e+02 3.509999999999999787e+00 2.660579999999999927e+02 3.080000000000000071e+00 6.180000000000000077e-02 1.459999999999999964e+00
8.500000000000000000e+01 1.500000000000000000e+01 2.300000000000000000e+01 6.750000000000000000e+03 1.500000000000000000e+02 4.354999999999999982e-01 3.740000000000000213e+00 1.559999999999999964e+01 4.400000000000000355e+00 3.378000000000000114e+01 7.799999999999999822e+00 3.938480000000000132e+02 4.320000000000000284e+00 2.676730000000000018e+02 2.890000000000000124e+00 7.620000000000000384e-02 2.189999999999999947e+00
8.500000000000000000e+01 1.500000000000000000e+01 2.300000000000000000e+01 6.750000000000000000e+03 1.750000000000000000e+02 5.984000000000000430e-01 1.800000000000000044e+00 2.546999999999999886e+01 6.820000000000000284e+00 7.529999999999999716e+01 6.099999999999999645e+00 5.016610000000000014e+02 3.200000000000000178e+00 2.917590000000000146e+02 3.529999999999999805e+00 9.410000000000000309e-02 1.379999999999999893e+00
8.500000000000000000e+01 1.500000000000000000e+01 2.300000000000000000e+01 6.750000000000000000e+03 2.000000000000000000e+02 8.285000000000000142e-01 2.520000000000000018e+00 3.917000000000000171e+01 5.980000000000000426e+00 1.185000000000000000e+02 9.599999999999999645e+00 5.347870000000000346e+02 4.980000000000000426e+00 3.075149999999999864e+02 3.250000000000000000e+00 1.200999999999999984e-01 1.810000000000000053e+00
8.500000000000000000e+01 1.500000000000000000e+01 2.300000000000000000e+01 6.750000000000000000e+03 2.250000000000000000e+02 1.209000000000000075e+00 2.589999999999999858e+00 6.960999999999999943e+01 4.509999999999999787e+00 2.289000000000000057e+02 5.700000000000000178e+00 6.153269999999999982e+02 3.120000000000000107e+00 3.393009999999999877e+02 2.600000000000000089e+00 1.622000000000000108e-01 1.639999999999999902e+00
8.500000000000000000e+01 1.500000000000000000e+01 2.300000000000000000e+01 6.750000000000000000e+03 2.500000000000000000e+02 1.512999999999999901e+00 1.370000000000000107e+00 9.678000000000000114e+01 3.859999999999999876e+00 2.598000000000000114e+02 5.200000000000000178e+00 5.859429999999999836e+02 2.709999999999999964e+00 3.576499999999999773e+02 2.049999999999999822e+00 2.013000000000000067e-01 1.040000000000000036e+00
8.500000000000000000e+01 1.500000000000000000e+01 2.300000000000000000e+01 6.750000000000000000e+03 2.750000000000000000e+02 1.913000000000000034e+00 1.469999999999999973e+00 1.383000000000000114e+02 3.919999999999999929e+00 2.811999999999999886e+02 3.000000000000000000e+00 5.422010000000000218e+02 1.679999999999999938e+00 3.802769999999999868e+02 2.089999999999999858e+00 2.505999999999999894e-01 1.270000000000000018e+00
8.500000000000000000e+01 1.500000000000000000e+01 2.300000000000000000e+01 6.750000000000000000e+03 3.000000000000000000e+02 2.148000000000000131e+00 9.100000000000000311e-01 1.573000000000000114e+02 3.709999999999999964e+00 3.003000000000000114e+02 4.299999999999999822e+00 5.287340000000000373e+02 2.200000000000000178e+00 3.827049999999999841e+02 1.909999999999999920e+00 2.902000000000000135e-01 8.399999999999999689e-01
8.500000000000000000e+01 1.500000000000000000e+01 2.300000000000000000e+01 6.750000000000000000e+03 3.250000000000000000e+02 2.466000000000000192e+00 1.229999999999999982e+00 1.978000000000000114e+02 3.240000000000000213e+00 3.025000000000000000e+02 2.299999999999999822e+00 4.953659999999999854e+02 1.280000000000000027e+00 4.005339999999999918e+02 1.729999999999999982e+00 3.378999999999999782e-01 1.010000000000000009e+00
8.500000000000000000e+01 1.500000000000000000e+01 2.300000000000000000e+01 6.750000000000000000e+03 3.500000000000000000e+02 2.677000000000000046e+00 5.999999999999999778e-01 2.234000000000000057e+02 2.549999999999999822e+00 2.648999999999999773e+02 3.700000000000000178e+00 4.448659999999999854e+02 1.860000000000000098e+00 4.085219999999999914e+02 1.310000000000000053e+00 3.775999999999999912e-01 3.400000000000000244e-01
9.000000000000000000e+01 1.000000000000000000e+01 2.300000000000000000e+01 7.500000000000000000e+02 2.500000000000000000e+01 1.576999999999999957e+00 2.209999999999999964e+00 1.340000000000000000e+03 3.740000000000000213e+00 3.235000000000000000e+03 5.400000000000000355e+00 2.025818999999999960e+03 2.910000000000000142e+00 1.303851000000000113e+03 2.169999999999999929e+00 2.394000000000000017e-01 1.590000000000000080e+00
9.000000000000000000e+01 1.000000000000000000e+01 2.300000000000000000e+01 7.500000000000000000e+02 5.000000000000000000e+01 0.000000000000000000e+00 0.000000000000000000e+00 0.000000000000000000e+00 0.000000000000000000e+00 0.000000000000000000e+00 0.000000000000000000e+00 0.000000000000000000e+00 0.000000000000000000e+00 0.000000000000000000e+00 0.000000000000000000e+00 0.000000000000000000e+00 0.000000000000000000e+00
9.000000000000000000e+01 1.000000000000000000e+01 2.300000000000000000e+01 7.500000000000000000e+02 7.500000000000000000e+01 2.915000000000000036e+00 2.899999999999999800e-01 3.895000000000000000e+03 2.209999999999999964e+00 5.785000000000000000e+02 2.899999999999999911e+00 6.300099999999999909e+02 1.439999999999999947e+00 1.634883000000000038e+03 1.120000000000000107e+00 7.935999999999999721e-01 1.700000000000000122e-01
9.000000000000000000e+01 1.000000000000000000e+01 2.300000000000000000e+01 7.500000000000000000e+02 1.000000000000000000e+02 2.821000000000000174e+00 2.899999999999999800e-01 3.769000000000000000e+03 2.490000000000000213e+00 4.096000000000000227e+02 2.899999999999999911e+00 5.388440000000000509e+02 1.439999999999999947e+00 1.634481999999999971e+03 1.250000000000000000e+00 9.180000000000000382e-01 2.000000000000000111e-01
9.000000000000000000e+01 1.000000000000000000e+01 2.300000000000000000e+01 7.500000000000000000e+02 1.250000000000000000e+02 2.729999999999999982e+00 3.099999999999999978e-01 3.356000000000000000e+03 1.770000000000000018e+00 3.526999999999999886e+02 2.500000000000000000e+00 5.082699999999999818e+02 1.280000000000000027e+00 1.567978000000000065e+03 9.000000000000000222e-01 1.018599999999999950e+00 2.200000000000000011e-01
9.000000000000000000e+01 1.000000000000000000e+01 2.300000000000000000e+01 7.500000000000000000e+02 1.500000000000000000e+02 2.674999999999999822e+00 3.499999999999999778e-01 3.298000000000000000e+03 2.629999999999999893e+00 3.133000000000000114e+02 1.800000000000000044e+00 4.839519999999999982e+02 9.000000000000000222e-01 1.570403000000000020e+03 1.320000000000000062e+00 1.112100000000000088e+00 2.099999999999999922e-01
9.000000000000000000e+01 1.000000000000000000e+01 2.300000000000000000e+01 7.500000000000000000e+02 1.750000000000000000e+02 2.632000000000000117e+00 3.099999999999999978e-01 3.206000000000000000e+03 1.889999999999999902e+00 2.761000000000000227e+02 2.200000000000000178e+00 4.580049999999999955e+02 1.129999999999999893e+00 1.560816000000000031e+03 9.599999999999999645e-01 1.195200000000000040e+00 1.700000000000000122e-01
9.000000000000000000e+01 1.000000000000000000e+01 2.300000000000000000e+01 7.500000000000000000e+02 2.000000000000000000e+02 0.000000000000000000e+00 0.000000000000000000e+00 0.000000000000000000e+00 0.000000000000000000e+00 0.000000000000000000e+00 0.000000000000000000e+00 0.000000000000000000e+00 0.000000000000000000e+00 0.000000000000000000e+00 0.000000000000000000e+00 0.000000000000000000e+00 0.000000000000000000e+00
9.000000000000000000e+01 1.000000000000000000e+01 2.300000000000000000e+01 7.500000000000000000e+02 2.250000000000000000e+02 2.565999999999999837e+00 2.800000000000000266e-01 2.890000000000000000e+03 2.910000000000000142e+00 2.558000000000000114e+02 2.799999999999999822e+00 4.465529999999999973e+02 1.419999999999999929e+00 1.500743999999999915e+03 1.459999999999999964e+00 1.345900000000000096e+00 1.900000000000000022e-01
9.000000000000000000e+01 1.000000000000000000e+01 2.300000000000000000e+01 7.500000000000000000e+02 2.500000000000000000e+02 2.548999999999999932e+00 4.299999999999999933e-01 2.798000000000000000e+03 2.479999999999999982e+00 2.276999999999999886e+02 2.700000000000000178e+00 4.227139999999999986e+02 1.379999999999999893e+00 1.481787000000000035e+03 1.260000000000000009e+00 1.413799999999999946e+00 2.600000000000000089e-01
9.000000000000000000e+01 1.000000000000000000e+01 2.300000000000000000e+01 7.500000000000000000e+02 2.750000000000000000e+02 2.536999999999999922e+00 3.400000000000000244e-01 2.776000000000000000e+03 3.620000000000000107e+00 2.350000000000000000e+02 2.100000000000000089e+00 4.305009999999999764e+02 1.080000000000000071e+00 1.479488000000000056e+03 1.820000000000000062e+00 1.480399999999999938e+00 1.700000000000000122e-01
9.000000000000000000e+01 1.000000000000000000e+01 2.300000000000000000e+01 7.500000000000000000e+02 3.000000000000000000e+02 2.544000000000000039e+00 3.400000000000000244e-01 2.482000000000000000e+03 3.089999999999999858e+00 2.278000000000000114e+02 3.700000000000000178e+00 4.231580000000000155e+02 1.850000000000000089e+00 1.396998000000000047e+03 1.560000000000000053e+00 1.550699999999999967e+00 2.200000000000000011e-01
9.000000000000000000e+01 1.000000000000000000e+01 2.300000000000000000e+01 7.500000000000000000e+02 3.250000000000000000e+02 2.528999999999999915e+00 5.699999999999999512e-01 2.438000000000000000e+03 3.250000000000000000e+00 2.276999999999999886e+02 4.099999999999999645e+00 4.243609999999999900e+02 2.080000000000000071e+00 1.388337999999999965e+03 1.649999999999999911e+00 1.608700000000000019e+00 3.099999999999999978e-01
9.000000000000000000e+01 1.000000000000000000e+01 2.300000000000000000e+01 7.500000000000000000e+02 3.500000000000000000e+02 2.532999999999999918e+00 4.000000000000000222e-01 2.354000000000000000e+03 2.680000000000000160e+00 2.145000000000000000e+02 2.100000000000000089e+00 4.115729999999999791e+02 1.050000000000000044e+00 1.363421000000000049e+03 1.360000000000000098e+00 1.674199999999999910e+00 2.099999999999999922e-01
9.000000000000000000e+01 1.000000000000000000e+01 2.300000000000000000e+01 2.250000000000000000e+03 2.500000000000000000e+01 0.000000000000000000e+00 0.000000000000000000e+00 0.000000000000000000e+00 0.000000000000000000e+00 0.000000000000000000e+00 0.000000000000000000e+00 0.000000000000000000e+00 0.000000000000000000e+00 0.000000000000000000e+00 0.000000000000000000e+00 0.000000000000000000e+00 0.000000000000000000e+00
9.000000000000000000e+01 1.000000000000000000e+01 2.300000000000000000e+01 2.250000000000000000e+03 5.000000000000000000e+01 5.212999999999999856e-01 6.080000000000000071e+00 8.214000000000000057e+01 9.470000000000000639e+00 2.636000000000000227e+02 1.409999999999999964e+01 1.005672000000000025e+03 7.669999999999999929e+00 5.613529999999999518e+02 5.629999999999999893e+00 9.149999999999999800e-02 3.430000000000000160e+00
9.000000000000000000e+01 1.000000000000000000e+01 2.300000000000000000e+01 2.250000000000000000e+03 7.500000000000000000e+01 1.576999999999999957e+00 2.209999999999999964e+00 4.466999999999999886e+02 3.740000000000000213e+00 1.078000000000000000e+03 5.400000000000000355e+00 1.169606999999999971e+03 2.910000000000000142e+00 7.527789999999999964e+02 2.169999999999999929e+00 2.394000000000000017e-01 1.590000000000000080e+00
9.000000000000000000e+01 1.000000000000000000e+01 2.300000000000000000e+01 2.250000000000000000e+03 1.000000000000000000e+02 2.505999999999999783e+00 5.600000000000000533e-01 8.938999999999999773e+02 3.310000000000000053e+00 9.225000000000000000e+02 2.700000000000000178e+00 8.581009999999999991e+02 1.379999999999999893e+00 8.446829999999999927e+02 1.679999999999999938e+00 4.173000000000000043e-01 5.200000000000000178e-01
9.000000000000000000e+01 1.000000000000000000e+01 2.300000000000000000e+01 2.250000000000000000e+03 1.250000000000000000e+02 2.850999999999999979e+00 3.699999999999999956e-01 1.114000000000000000e+03 3.859999999999999876e+00 5.730000000000000000e+02 2.399999999999999911e+00 6.340289999999999964e+02 1.219999999999999973e+00 8.838780000000000427e+02 1.939999999999999947e+00 5.352000000000000091e-01 4.000000000000000222e-01
9.000000000000000000e+01 1.000000000000000000e+01 2.300000000000000000e+01 2.250000000000000000e+03 1.500000000000000000e+02 0.000000000000000000e+00 0.000000000000000000e+00 0.000000000000000000e+00 0.000000000000000000e+00 0.000000000000000000e+00 0.000000000000000000e+00 0.000000000000000000e+00 0.000000000000000000e+00 0.000000000000000000e+00 0.000000000000000000e+00 0.000000000000000000e+00 0.000000000000000000e+00
9.000000000000000000e+01 1.000000000000000000e+01 2.300000000000000000e+01 2.250000000000000000e+03 1.750000000000000000e+02 2.983999999999999986e+00 3.200000000000000067e-01 1.239000000000000000e+03 2.799999999999999822e+00 2.918000000000000114e+02 1.399999999999999911e+00 4.422719999999999914e+02 7.099999999999999645e-01 9.114719999999999800e+02 1.409999999999999920e+00 6.892000000000000348e-01 2.600000000000000089e-01
9.000000000000000000e+01 1.000000000000000000e+01 2.300000000000000000e+01 2.250000000000000000e+03 2.000000000000000000e+02 2.946000000000000174e+00 3.699999999999999956e-01 1.282000000000000000e+03 2.720000000000000195e+00 2.346999999999999886e+02 2.000000000000000000e+00 3.992049999999999841e+02 1.030000000000000027e+00 9.330510000000000446e+02 1.370000000000000107e+00 7.431999999999999718e-01 2.800000000000000266e-01
9.000000000000000000e+01 1.000000000000000000e+01 2.300000000000000000e+01 2.250000000000000000e+03 2.250000000000000000e+02 2.915000000000000036e+00 2.899999999999999800e-01 1.298000000000000000e+03 2.209999999999999964e+00 1.928000000000000114e+02 2.899999999999999911e+00 3.637359999999999900e+02 1.439999999999999947e+00 9.438999999999999773e+02 1.120000000000000107e+00 7.935999999999999721e-01 1.700000000000000122e-01
9.000000000000000000e+01 1.000000000000000000e+01 2.300000000000000000e+01 2.250000000000000000e+03 2.500000000000000000e+02 2.891000000000000014e+00 2.099999999999999922e-01 1.222000000000000000e+03 2.439999999999999947e+00 1.695999999999999943e+02 2.399999999999999911e+00 3.425120000000000005e+02 1.209999999999999964e+00 9.194030000000000200e+02 1.229999999999999982e+00 8.385000000000000231e-01 1.600000000000000033e-01
9.000000000000000000e+01 1.000000000000000000e+01 2.300000000000000000e+01 2.250000000000000000e+03 2.750000000000000000e+02 2.858000000000000096e+00 2.399999999999999911e-01 1.264000000000000000e+03 2.870000000000000107e+00 1.565000000000000000e+02 2.600000000000000089e+00 3.309470000000000027e+02 1.300000000000000044e+00 9.404320000000000164e+02 1.439999999999999947e+00 8.780000000000000027e-01 1.700000000000000122e-01
9.000000000000000000e+01 1.000000000000000000e+01 2.300000000000000000e+01 2.250000000000000000e+03 3.000000000000000000e+02 2.821000000000000174e+00 2.899999999999999800e-01 1.256000000000000000e+03 2.490000000000000213e+00 1.365000000000000000e+02 2.899999999999999911e+00 3.111019999999999754e+02 1.439999999999999947e+00 9.436680000000000064e+02 1.250000000000000000e+00 9.180000000000000382e-01 2.000000000000000111e-01
9.000000000000000000e+01 1.000000000000000000e+01 2.300000000000000000e+01 2.250000000000000000e+03 3.250000000000000000e+02 2.790000000000000036e+00 3.900000000000000133e-01 1.148000000000000000e+03 2.080000000000000071e+00 1.269000000000000057e+02 2.299999999999999822e+00 3.015749999999999886e+02 1.149999999999999911e+00 9.071119999999999663e+02 1.060000000000000053e+00 9.517999999999999794e-01 2.500000000000000000e-01
9.000000000000000000e+01 1.000000000000000000e+01 2.300000000000000000e+01 2.250000000000000000e+03 3.500000000000000000e+02 2.766999999999999904e+00 2.600000000000000089e-01 1.173000000000000000e+03 2.100000000000000089e+00 1.237000000000000028e+02 2.200000000000000178e+00 2.990129999999999768e+02 1.110000000000000098e+00 9.209379999999999882e+02 1.060000000000000053e+00 9.889000000000000012e-01 1.199999999999999956e-01
9.000000000000000000e+01 1.000000000000000000e+01 2.300000000000000000e+01 6.750000000000000000e+03 2.500000000000000000e+01 4.882999999999999841e-02 9.500000000000000000e+00 4.910000000000000142e+00 4.099999999999999645e+00 4.506999999999999673e+00 4.599999999999999645e+00 4.296530000000000200e+02 5.280000000000000249e+00 4.484259999999999877e+02 5.169999999999999929e+00 3.950000000000000039e-02 9.699999999999999734e-01
9.000000000000000000e+01 1.000000000000000000e+01 2.300000000000000000e+01 6.750000000000000000e+03 5.000000000000000000e+01 8.949999999999999623e-02 4.519999999999999574e+00 4.953999999999999737e+00 3.470000000000000195e+00 5.317999999999999616e+00 4.400000000000000355e+00 3.447389999999999759e+02 3.149999999999999911e+00 3.327339999999999804e+02 2.850000000000000089e+00 4.080000000000000293e-02 1.129999999999999893e+00
9.000000000000000000e+01 1.000000000000000000e+01 2.300000000000000000e+01 6.750000000000000000e+03 7.500000000000000000e+01 0.000000000000000000e+00 0.000000000000000000e+00 0.000000000000000000e+00 0.000000000000000000e+00 0.000000000000000000e+00 0.000000000000000000e+00 0.000000000000000000e+00 0.000000000000000000e+00 0.000000000000000000e+00 0.000000000000000000e+00 0.000000000000000000e+00 0.000000000000000000e+00
9.000000000000000000e+01 1.000000000000000000e+01 2.300000000000000000e+01 6.750000000000000000e+03 1.000000000000000000e+02 2.212000000000000077e-01 2.529999999999999805e+00 8.378999999999999559e+00 7.179999999999999716e+00 1.506000000000000050e+01 1.689999999999999858e+01 3.690190000000000055e+02 8.570000000000000284e+00 2.752230000000000132e+02 3.810000000000000053e+00 5.480000000000000149e-02 1.909999999999999920e+00
9.000000000000000000e+01 1.000000000000000000e+01 2.300000000000000000e+01 6.750000000000000000e+03 1.250000000000000000e+02 3.568000000000000060e-01 4.450000000000000178e+00 1.628000000000000114e+01 1.088000000000000078e+01 4.543999999999999773e+01 1.500000000000000000e+01 5.046379999999999768e+02 7.799999999999999822e+00 3.021080000000000041e+02 5.879999999999999893e+00 6.959999999999999520e-02 2.839999999999999858e+00
9.000000000000000000e+01 1.000000000000000000e+01 2.300000000000000000e+01 6.750000000000000000e+03 1.500000000000000000e+02 5.212999999999999856e-01 6.080000000000000071e+00 2.737999999999999901e+01 9.470000000000000639e+00 8.787000000000000455e+01 1.409999999999999964e+01 5.806250000000000000e+02 7.669999999999999929e+00 3.240969999999999800e+02 5.629999999999999893e+00 9.149999999999999800e-02 3.430000000000000160e+00
9.000000000000000000e+01 1.000000000000000000e+01 2.300000000000000000e+01 6.750000000000000000e+03 1.750000000000000000e+02 8.024000000000000021e-01 3.970000000000000195e+00 5.111999999999999744e+01 7.820000000000000284e+00 1.875000000000000000e+02 9.699999999999999289e+00 6.835589999999999691e+02 5.240000000000000213e+00 3.569750000000000227e+02 4.379999999999999893e+00 1.288999999999999868e-01 2.680000000000000160e+00
9.000000000000000000e+01 1.000000000000000000e+01 2.300000000000000000e+01 6.750000000000000000e+03 2.000000000000000000e+02 1.231000000000000094e+00 4.309999999999999609e+00 1.025999999999999943e+02 5.839999999999999858e+00 3.050000000000000000e+02 1.250000000000000000e+01 7.038669999999999618e+02 6.610000000000000320e+00 4.083109999999999786e+02 3.629999999999999893e+00 1.837000000000000022e-01 3.149999999999999911e+00
9.000000000000000000e+01 1.000000000000000000e+01 2.300000000000000000e+01 6.750000000000000000e+03 2.250000000000000000e+02 1.576999999999999957e+00 2.209999999999999964e+00 1.489000000000000057e+02 3.740000000000000213e+00 3.595000000000000000e+02 5.400000000000000355e+00 6.752730000000000246e+02 2.910000000000000142e+00 4.346170000000000186e+02 2.169999999999999929e+00 2.394000000000000017e-01 1.590000000000000080e+00
9.000000000000000000e+01 1.000000000000000000e+01 2.300000000000000000e+01 6.750000000000000000e+03 2.500000000000000000e+02 1.929999999999999938e+00 1.389999999999999902e+00 1.900000000000000000e+02 3.250000000000000000e+00 3.711000000000000227e+02 1.800000000000000044e+00 6.200979999999999563e+02 1.129999999999999893e+00 4.437370000000000232e+02 1.770000000000000018e+00 2.988999999999999990e-01 1.320000000000000062e+00
9.000000000000000000e+01 1.000000000000000000e+01 2.300000000000000000e+01 6.750000000000000000e+03 2.750000000000000000e+02 2.273000000000000131e+00 1.100000000000000089e+00 2.549000000000000057e+02 2.859999999999999876e+00 3.386999999999999886e+02 4.299999999999999822e+00 5.459220000000000255e+02 2.229999999999999982e+00 4.736179999999999950e+02 1.530000000000000027e+00 3.645999999999999797e-01 9.100000000000000311e-01
9.000000000000000000e+01 1.000000000000000000e+01 2.300000000000000000e+01 6.750000000000000000e+03 3.000000000000000000e+02 2.505999999999999783e+00 5.600000000000000533e-01 2.980000000000000000e+02 3.310000000000000053e+00 3.075000000000000000e+02 2.700000000000000178e+00 4.954250000000000114e+02 1.379999999999999893e+00 4.876779999999999973e+02 1.679999999999999938e+00 4.173000000000000043e-01 5.200000000000000178e-01
9.000000000000000000e+01 1.000000000000000000e+01 2.300000000000000000e+01 6.750000000000000000e+03 3.250000000000000000e+02 2.656000000000000139e+00 7.700000000000000178e-01 3.071999999999999886e+02 3.310000000000000053e+00 2.651000000000000227e+02 1.500000000000000000e+00 4.467660000000000196e+02 8.299999999999999600e-01 4.809710000000000036e+02 1.699999999999999956e+00 4.595000000000000195e-01 5.200000000000000178e-01
9.000000000000000000e+01 1.000000000000000000e+01 2.300000000000000000e+01 6.750000000000000000e+03 3.500000000000000000e+02 2.775999999999999801e+00 8.399999999999999689e-01 3.436999999999999886e+02 2.689999999999999947e+00 2.158000000000000114e+02 2.399999999999999911e+00 3.943070000000000164e+02 1.250000000000000000e+00 4.976089999999999804e+02 1.409999999999999920e+00 5.003999999999999559e-01 6.400000000000000133e-01
1.000000000000000000e+02 0.000000000000000000e+00 2.300000000000000000e+01 7.500000000000000000e+02 2.500000000000000000e+01 8.091000000000000414e-01 1.540000000000000036e+00 7.138000000000000000e+03 4.969999999999999751e+00 6.460000000000000000e+02 8.900000000000000355e+00 1.263692999999999984e+03 4.500000000000000000e+00 4.200681999999999789e+03 2.600000000000000089e+00 8.033000000000000140e-01 8.299999999999999600e-01
1.000000000000000000e+02 0.000000000000000000e+00 2.300000000000000000e+01 7.500000000000000000e+02 5.000000000000000000e+01 9.317999999999999616e-01 8.399999999999999689e-01 5.692000000000000000e+03 9.089999999999999858e+00 4.213999999999999773e+02 5.099999999999999645e+00 9.510330000000000155e+02 2.560000000000000053e+00 3.495403999999999996e+03 4.559999999999999609e+00 1.028399999999999981e+00 4.199999999999999845e-01
1.000000000000000000e+02 0.000000000000000000e+00 2.300000000000000000e+01 7.500000000000000000e+02 7.500000000000000000e+01 1.016999999999999904e+00 8.000000000000000444e-01 5.986000000000000000e+03 6.019999999999999574e+00 3.745000000000000000e+02 1.090000000000000036e+01 8.581760000000000446e+02 5.480000000000000426e+00 3.430891000000000076e+03 3.029999999999999805e+00 1.171599999999999975e+00 2.600000000000000089e-01
1.000000000000000000e+02 0.000000000000000000e+00 2.300000000000000000e+01 7.500000000000000000e+02 1.000000000000000000e+02 1.066000000000000059e+00 7.199999999999999734e-01 5.405000000000000000e+03 5.030000000000000249e+00 3.030000000000000000e+02 5.500000000000000000e+00 7.539410000000000309e+02 2.770000000000000018e+00 3.184396999999999935e+03 2.540000000000000036e+00 1.285199999999999898e+00 2.600000000000000089e-01
1.000000000000000000e+02 0.000000000000000000e+00 2.300000000000000000e+01 7.500000000000000000e+02 1.250000000000000000e+02 1.141000000000000014e+00 9.599999999999999645e-01 4.708000000000000000e+03 7.530000000000000249e+00 2.705000000000000000e+02 7.400000000000000355e+00 6.886209999999999809e+02 3.740000000000000213e+00 2.872920999999999822e+03 3.799999999999999822e+00 1.395100000000000007e+00 3.599999999999999867e-01
1.000000000000000000e+02 0.000000000000000000e+00 2.300000000000000000e+01 7.500000000000000000e+02 1.500000000000000000e+02 1.177000000000000046e+00 9.300000000000000488e-01 4.398000000000000000e+03 7.820000000000000284e+00 2.486999999999999886e+02 6.700000000000000178e+00 6.500760000000000218e+02 3.390000000000000124e+00 2.733681999999999789e+03 3.939999999999999947e+00 1.483000000000000096e+00 3.099999999999999978e-01
1.000000000000000000e+02 0.000000000000000000e+00 2.300000000000000000e+01 7.500000000000000000e+02 1.750000000000000000e+02 1.209999999999999964e+00 6.400000000000000133e-01 4.009000000000000000e+03 6.309999999999999609e+00 2.253000000000000114e+02 7.200000000000000178e+00 6.101140000000000327e+02 3.629999999999999893e+00 2.573766000000000076e+03 3.169999999999999929e+00 1.562999999999999945e+00 2.800000000000000266e-01
1.000000000000000000e+02 0.000000000000000000e+00 2.300000000000000000e+01 7.500000000000000000e+02 2.000000000000000000e+02 1.254999999999999893e+00 5.500000000000000444e-01 3.918000000000000000e+03 5.009999999999999787e+00 2.471999999999999886e+02 4.900000000000000355e+00 6.275380000000000109e+02 2.459999999999999964e+00 2.498226999999999862e+03 2.520000000000000018e+00 1.642700000000000049e+00 2.000000000000000111e-01
1.000000000000000000e+02 0.000000000000000000e+00 2.300000000000000000e+01 7.500000000000000000e+02 2.250000000000000000e+02 1.290000000000000036e+00 1.000000000000000000e+00 3.459000000000000000e+03 6.049999999999999822e+00 2.500000000000000000e+02 5.200000000000000178e+00 6.226369999999999436e+02 2.669999999999999929e+00 2.315920000000000073e+03 3.069999999999999840e+00 1.717700000000000005e+00 3.800000000000000044e-01
1.000000000000000000e+02 0.000000000000000000e+00 2.300000000000000000e+01 7.500000000000000000e+02 2.500000000000000000e+02 1.314000000000000057e+00 1.070000000000000062e+00 3.285000000000000000e+03 7.669999999999999929e+00 2.339000000000000057e+02 7.200000000000000178e+00 5.966559999999999491e+02 3.629999999999999893e+00 2.235824000000000069e+03 3.870000000000000107e+00 1.782899999999999929e+00 4.500000000000000111e-01
1.000000000000000000e+02 0.000000000000000000e+00 2.300000000000000000e+01 7.500000000000000000e+02 2.750000000000000000e+02 1.346000000000000085e+00 1.139999999999999902e+00 3.553000000000000000e+03 6.080000000000000071e+00 2.235000000000000000e+02 7.700000000000000178e+00 5.762569999999999482e+02 3.870000000000000107e+00 2.297244000000000142e+03 3.089999999999999858e+00 1.848400000000000043e+00 4.400000000000000022e-01
1.000000000000000000e+02 0.000000000000000000e+00 2.300000000000000000e+01 7.500000000000000000e+02 3.000000000000000000e+02 1.372000000000000108e+00 5.899999999999999689e-01 3.085000000000000000e+03 5.099999999999999645e+00 2.151999999999999886e+02 3.200000000000000178e+00 5.599640000000000555e+02 1.629999999999999893e+00 2.120257999999999811e+03 2.569999999999999840e+00 1.914099999999999913e+00 3.099999999999999978e-01
1.000000000000000000e+02 0.000000000000000000e+00 2.300000000000000000e+01 7.500000000000000000e+02 3.250000000000000000e+02 1.399999999999999911e+00 1.080000000000000071e+00 2.815000000000000000e+03 7.679999999999999716e+00 2.166999999999999886e+02 4.799999999999999822e+00 5.563819999999999482e+02 2.450000000000000178e+00 2.005386999999999944e+03 3.879999999999999893e+00 1.977400000000000047e+00 4.299999999999999933e-01
1.000000000000000000e+02 0.000000000000000000e+00 2.300000000000000000e+01 7.500000000000000000e+02 3.500000000000000000e+02 1.407999999999999918e+00 9.599999999999999645e-01 3.011000000000000000e+03 6.110000000000000320e+00 2.083000000000000114e+02 4.200000000000000178e+00 5.438490000000000464e+02 2.160000000000000142e+00 2.067849000000000160e+03 3.089999999999999858e+00 2.031899999999999817e+00 3.400000000000000244e-01
1.000000000000000000e+02 0.000000000000000000e+00 2.300000000000000000e+01 2.250000000000000000e+03 2.500000000000000000e+01 0.000000000000000000e+00 0.000000000000000000e+00 0.000000000000000000e+00 0.000000000000000000e+00 0.000000000000000000e+00 0.000000000000000000e+00 0.000000000000000000e+00 0.000000000000000000e+00 0.000000000000000000e+00 0.000000000000000000e+00 0.000000000000000000e+00 0.000000000000000000e+00
1.000000000000000000e+02 0.000000000000000000e+00 2.300000000000000000e+01 2.250000000000000000e+03 5.000000000000000000e+01 6.937999999999999723e-01 1.959999999999999964e+00 2.083000000000000000e+03 1.058000000000000007e+01 3.741000000000000227e+02 7.700000000000000178e+00 1.038423000000000002e+03 3.959999999999999964e+00 2.450157000000000153e+03 5.379999999999999893e+00 6.139000000000000012e-01 2.319999999999999840e+00
1.000000000000000000e+02 0.000000000000000000e+00 2.300000000000000000e+01 2.250000000000000000e+03 7.500000000000000000e+01 8.024000000000000021e-01 9.599999999999999645e-01 2.317000000000000000e+03 5.389999999999999680e+00 2.240999999999999943e+02 1.130000000000000071e+01 7.474089999999999918e+02 5.690000000000000391e+00 2.403054999999999836e+03 2.729999999999999982e+00 7.973999999999999977e-01 6.999999999999999556e-01
1.000000000000000000e+02 0.000000000000000000e+00 2.300000000000000000e+01 2.250000000000000000e+03 1.000000000000000000e+02 8.679999999999999938e-01 9.699999999999999734e-01 2.120000000000000000e+03 8.080000000000000071e+00 1.766999999999999886e+02 4.500000000000000000e+00 6.380810000000000173e+02 2.290000000000000036e+00 2.210012999999999920e+03 4.070000000000000284e+00 8.972999999999999865e-01 4.099999999999999756e-01
1.000000000000000000e+02 0.000000000000000000e+00 2.300000000000000000e+01 2.250000000000000000e+03 1.250000000000000000e+02 9.073999999999999844e-01 9.499999999999999556e-01 2.192000000000000000e+03 5.120000000000000107e+00 1.473000000000000114e+02 6.099999999999999645e+00 5.698519999999999754e+02 3.100000000000000089e+00 2.197829999999999927e+03 2.600000000000000089e+00 9.721999999999999531e-01 4.400000000000000022e-01
1.000000000000000000e+02 0.000000000000000000e+00 2.300000000000000000e+01 2.250000000000000000e+03 1.500000000000000000e+02 9.317999999999999616e-01 8.399999999999999689e-01 1.897000000000000000e+03 9.089999999999999858e+00 1.405000000000000000e+02 5.099999999999999645e+00 5.490789999999999509e+02 2.560000000000000053e+00 2.018073000000000093e+03 4.559999999999999609e+00 1.028399999999999981e+00 4.199999999999999845e-01
1.000000000000000000e+02 0.000000000000000000e+00 2.300000000000000000e+01 2.250000000000000000e+03 1.750000000000000000e+02 0.000000000000000000e+00 0.000000000000000000e+00 0.000000000000000000e+00 0.000000000000000000e+00 0.000000000000000000e+00 0.000000000000000000e+00 0.000000000000000000e+00 0.000000000000000000e+00 0.000000000000000000e+00 0.000000000000000000e+00 0.000000000000000000e+00 0.000000000000000000e+00
1.000000000000000000e+02 0.000000000000000000e+00 2.300000000000000000e+01 2.250000000000000000e+03 2.000000000000000000e+02 9.798000000000000043e-01 1.060000000000000053e+00 1.975000000000000000e+03 7.629999999999999893e+00 1.165000000000000000e+02 5.400000000000000355e+00 4.876240000000000236e+02 2.729999999999999982e+00 2.007757000000000062e+03 3.850000000000000089e+00 1.123699999999999921e+00 3.099999999999999978e-01
1.000000000000000000e+02 0.000000000000000000e+00 2.300000000000000000e+01 2.250000000000000000e+03 2.250000000000000000e+02 1.010000000000000009e+00 9.100000000000000311e-01 2.008000000000000000e+03 5.690000000000000391e+00 1.255999999999999943e+02 1.050000000000000000e+01 4.985579999999999927e+02 5.269999999999999574e+00 1.993938000000000102e+03 2.879999999999999893e+00 1.169799999999999951e+00 3.099999999999999978e-01
1.000000000000000000e+02 0.000000000000000000e+00 2.300000000000000000e+01 2.250000000000000000e+03 2.500000000000000000e+02 1.040999999999999925e+00 8.000000000000000444e-01 1.686000000000000000e+03 5.089999999999999858e+00 1.092999999999999972e+02 7.000000000000000000e+00 4.580559999999999832e+02 3.529999999999999805e+00 1.799258000000000038e+03 2.569999999999999840e+00 1.215400000000000036e+00 3.200000000000000067e-01
1.000000000000000000e+02 0.000000000000000000e+00 2.300000000000000000e+01 2.250000000000000000e+03 2.750000000000000000e+02 1.048999999999999932e+00 9.899999999999999911e-01 1.648000000000000000e+03 5.160000000000000142e+00 1.030000000000000000e+02 1.019999999999999929e+01 4.432880000000000109e+02 5.139999999999999680e+00 1.773068999999999960e+03 2.629999999999999893e+00 1.246899999999999897e+00 3.800000000000000044e-01
1.000000000000000000e+02 0.000000000000000000e+00 2.300000000000000000e+01 2.250000000000000000e+03 3.000000000000000000e+02 1.068000000000000060e+00 7.900000000000000355e-01 1.693000000000000000e+03 5.799999999999999822e+00 1.062000000000000028e+02 7.500000000000000000e+00 4.457769999999999868e+02 3.790000000000000036e+00 1.780176999999999907e+03 2.930000000000000160e+00 1.288300000000000001e+00 2.899999999999999800e-01
1.000000000000000000e+02 0.000000000000000000e+00 2.300000000000000000e+01 2.250000000000000000e+03 3.250000000000000000e+02 1.100999999999999979e+00 1.100000000000000089e+00 1.760000000000000000e+03 5.030000000000000249e+00 1.017000000000000028e+02 8.300000000000000711e+00 4.298940000000000055e+02 4.190000000000000391e+00 1.788664999999999964e+03 2.569999999999999840e+00 1.324600000000000000e+00 3.900000000000000133e-01
1.000000000000000000e+02 0.000000000000000000e+00 2.300000000000000000e+01 2.250000000000000000e+03 3.500000000000000000e+02 1.116000000000000103e+00 8.499999999999999778e-01 1.585000000000000000e+03 7.120000000000000107e+00 9.867000000000000171e+01 6.799999999999999822e+00 4.205459999999999923e+02 3.399999999999999911e+00 1.685744999999999891e+03 3.580000000000000071e+00 1.357099999999999973e+00 2.999999999999999889e-01
1.000000000000000000e+02 0.000000000000000000e+00 2.300000000000000000e+01 6.750000000000000000e+03 2.500000000000000000e+01 4.598000000000000004e-02 6.389999999999999680e+00 4.487000000000000099e+00 9.529999999999999361e+00 3.778000000000000025e+00 5.599999999999999645e+00 4.053629999999999995e+02 4.240000000000000213e+00 4.417470000000000141e+02 5.730000000000000426e+00 3.969999999999999918e-02 2.270000000000000018e+00
1.000000000000000000e+02 0.000000000000000000e+00 2.300000000000000000e+01 6.750000000000000000e+03 5.000000000000000000e+01 0.000000000000000000e+00 0.000000000000000000e+00 0.000000000000000000e+00 0.000000000000000000e+00 0.000000000000000000e+00 0.000000000000000000e+00 0.000000000000000000e+00 0.000000000000000000e+00 0.000000000000000000e+00 0.000000000000000000e+00 0.000000000000000000e+00 0.000000000000000000e+00
1.000000000000000000e+02 0.000000000000000000e+00 2.300000000000000000e+01 6.750000000000000000e+03 7.500000000000000000e+01 1.920000000000000040e-01 9.789999999999999147e+00 8.806999999999999318e+01 3.774000000000000199e+01 7.434000000000000341e+01 3.950000000000000000e+01 8.800280000000000200e+02 2.033999999999999986e+01 9.578269999999999982e+02 1.950000000000000000e+01 1.042000000000000010e-01 1.205000000000000071e+01
1.000000000000000000e+02 0.000000000000000000e+00 2.300000000000000000e+01 6.750000000000000000e+03 1.000000000000000000e+02 4.254999999999999893e-01 8.390000000000000568e+00 2.848000000000000114e+02 1.582000000000000028e+01 1.855000000000000000e+02 1.860000000000000142e+01 9.338150000000000546e+02 1.017999999999999972e+01 1.157028999999999996e+03 8.949999999999999289e+00 3.054999999999999938e-01 1.051999999999999957e+01
1.000000000000000000e+02 0.000000000000000000e+00 2.300000000000000000e+01 6.750000000000000000e+03 1.250000000000000000e+02 5.679999999999999494e-01 2.169999999999999929e+00 5.127000000000000455e+02 7.839999999999999858e+00 1.556999999999999886e+02 4.700000000000000178e+00 7.404139999999999873e+02 2.580000000000000071e+00 1.343575000000000045e+03 4.070000000000000284e+00 4.598999999999999755e-01 3.049999999999999822e+00
1.000000000000000000e+02 0.000000000000000000e+00 2.300000000000000000e+01 6.750000000000000000e+03 1.500000000000000000e+02 6.771000000000000352e-01 2.390000000000000124e+00 6.842999999999999545e+02 6.480000000000000426e+00 1.430000000000000000e+02 3.600000000000000089e+00 6.500009999999999764e+02 2.149999999999999911e+00 1.421710000000000036e+03 3.450000000000000178e+00 6.024000000000000465e-01 2.120000000000000107e+00
1.000000000000000000e+02 0.000000000000000000e+00 2.300000000000000000e+01 6.750000000000000000e+03 1.750000000000000000e+02 7.357000000000000206e-01 1.899999999999999911e+00 7.052000000000000455e+02 4.000000000000000000e+00 1.277000000000000028e+02 4.099999999999999645e+00 5.891430000000000291e+02 2.259999999999999787e+00 1.384586999999999989e+03 2.209999999999999964e+00 6.881000000000000449e-01 1.389999999999999902e+00
1.000000000000000000e+02 0.000000000000000000e+00 2.300000000000000000e+01 6.750000000000000000e+03 2.000000000000000000e+02 7.742999999999999883e-01 1.229999999999999982e+00 7.603999999999999773e+02 2.459999999999999964e+00 1.172999999999999972e+02 3.100000000000000089e+00 5.503619999999999663e+02 1.659999999999999920e+00 1.401400000000000091e+03 1.379999999999999893e+00 7.496000000000000441e-01 9.200000000000000400e-01
1.000000000000000000e+02 0.000000000000000000e+00 2.300000000000000000e+01 6.750000000000000000e+03 2.250000000000000000e+02 7.990000000000000435e-01 9.200000000000000400e-01 7.322000000000000455e+02 2.410000000000000142e+00 1.085999999999999943e+02 1.899999999999999911e+00 5.214750000000000227e+02 1.060000000000000053e+00 1.353777000000000044e+03 1.290000000000000036e+00 7.960000000000000409e-01 7.299999999999999822e-01
1.000000000000000000e+02 0.000000000000000000e+00 2.300000000000000000e+01 6.750000000000000000e+03 2.500000000000000000e+02 8.346000000000000085e-01 1.449999999999999956e+00 7.296000000000000227e+02 3.189999999999999947e+00 1.010000000000000000e+02 2.000000000000000000e+00 4.919809999999999945e+02 1.229999999999999982e+00 1.322192000000000007e+03 1.750000000000000000e+00 8.372000000000000552e-01 6.800000000000000488e-01
1.000000000000000000e+02 0.000000000000000000e+00 2.300000000000000000e+01 6.750000000000000000e+03 2.750000000000000000e+02 8.688000000000000167e-01 1.290000000000000036e+00 7.271000000000000227e+02 3.649999999999999911e+00 8.790000000000000568e+01 1.699999999999999956e+00 4.498090000000000259e+02 1.080000000000000071e+00 1.293692000000000007e+03 1.929999999999999938e+00 8.813999999999999613e-01 8.000000000000000444e-01
1.000000000000000000e+02 0.000000000000000000e+00 2.300000000000000000e+01 6.750000000000000000e+03 3.000000000000000000e+02 8.727000000000000313e-01 1.050000000000000044e+00 7.271000000000000227e+02 2.319999999999999840e+00 8.526000000000000512e+01 1.500000000000000000e+00 4.420230000000000246e+02 9.100000000000000311e-01 1.290871000000000095e+03 1.280000000000000027e+00 9.018000000000000460e-01 4.899999999999999911e-01
1.000000000000000000e+02 0.000000000000000000e+00 2.300000000000000000e+01 6.750000000000000000e+03 3.250000000000000000e+02 8.747000000000000330e-01 1.520000000000000018e+00 7.203999999999999773e+02 3.279999999999999805e+00 7.768000000000000682e+01 2.399999999999999911e+00 4.214420000000000073e+02 1.429999999999999938e+00 1.283401000000000067e+03 1.810000000000000053e+00 9.247999999999999554e-01 6.899999999999999467e-01
1.000000000000000000e+02 0.000000000000000000e+00 2.300000000000000000e+01 6.750000000000000000e+03 3.500000000000000000e+02 8.908000000000000362e-01 1.100000000000000089e+00 7.267000000000000455e+02 2.419999999999999929e+00 7.420999999999999375e+01 1.800000000000000044e+00 4.081820000000000164e+02 1.040000000000000036e+00 1.277332000000000107e+03 1.330000000000000071e+00 9.525000000000000133e-01 3.099999999999999978e-01
