1.000000000000000056e-01 9.990000000000000568e+01 2.300000000000000000e+01 7.500000000000000000e+02 2.500000000000000000e+01 1.657999999999999918e+00 3.800000000000000044e-01 3.496657000000000153e+03 2.589999999999999858e+00 1.273000000000000000e+03 6.299999999999999822e+00 1.239132000000000062e+03 3.169999999999999929e+00 7.972000000000000197e-01 1.499999999999999944e-01
1.000000000000000056e-01 9.990000000000000568e+01 2.300000000000000000e+01 7.500000000000000000e+02 5.000000000000000000e+01 2.004000000000000004e+00 5.699999999999999512e-01 2.853603000000000065e+03 3.979999999999999982e+00 1.105000000000000000e+03 9.500000000000000000e+00 1.050106999999999971e+03 4.740000000000000213e+00 1.117099999999999982e+00 2.600000000000000089e-01
1.000000000000000056e-01 9.990000000000000568e+01 2.300000000000000000e+01 7.500000000000000000e+02 7.500000000000000000e+01 0.000000000000000000e+00 0.000000000000000000e+00 0.000000000000000000e+00 0.000000000000000000e+00 0.000000000000000000e+00 0.000000000000000000e+00 0.000000000000000000e+00 0.000000000000000000e+00 0.000000000000000000e+00 0.000000000000000000e+00
1.000000000000000056e-01 9.990000000000000568e+01 2.300000000000000000e+01 7.500000000000000000e+02 1.000000000000000000e+02 2.387999999999999901e+00 5.200000000000000178e-01 2.301143000000000029e+03 3.669999999999999929e+00 9.053999999999999773e+02 5.799999999999999822e+00 8.708210000000000264e+02 2.890000000000000124e+00 1.562599999999999989e+00 2.399999999999999911e-01
1.000000000000000056e-01 9.990000000000000568e+01 2.300000000000000000e+01 7.500000000000000000e+02 1.250000000000000000e+02 2.511000000000000121e+00 4.099999999999999756e-01 2.095298999999999978e+03 3.259999999999999787e+00 8.178999999999999773e+02 6.299999999999999822e+00 8.071849999999999454e+02 3.160000000000000142e+00 1.735999999999999988e+00 2.000000000000000111e-01
1.000000000000000056e-01 9.990000000000000568e+01 2.300000000000000000e+01 7.500000000000000000e+02 1.500000000000000000e+02 2.603000000000000203e+00 4.799999999999999822e-01 1.998101000000000113e+03 3.049999999999999822e+00 7.326000000000000227e+02 5.299999999999999822e+00 7.503460000000000036e+02 2.649999999999999911e+00 1.887399999999999967e+00 2.200000000000000011e-01
1.000000000000000056e-01 9.990000000000000568e+01 2.300000000000000000e+01 7.500000000000000000e+02 1.750000000000000000e+02 2.708000000000000185e+00 5.799999999999999600e-01 1.979180000000000064e+03 1.959999999999999964e+00 7.577999999999999545e+02 5.599999999999999645e+00 7.480380000000000109e+02 2.830000000000000071e+00 2.035200000000000120e+00 2.500000000000000000e-01
1.000000000000000056e-01 9.990000000000000568e+01 2.300000000000000000e+01 7.500000000000000000e+02 2.000000000000000000e+02 2.795999999999999819e+00 3.800000000000000044e-01 1.876804000000000087e+03 2.529999999999999805e+00 7.557999999999999545e+02 1.000000000000000000e+01 7.352580000000000382e+02 4.990000000000000213e+00 2.167800000000000171e+00 2.099999999999999922e-01
1.000000000000000056e-01 9.990000000000000568e+01 2.300000000000000000e+01 7.500000000000000000e+02 2.250000000000000000e+02 2.906000000000000139e+00 5.699999999999999512e-01 1.874273999999999887e+03 3.580000000000000071e+00 7.651000000000000227e+02 6.000000000000000000e+00 7.256509999999999536e+02 2.990000000000000213e+00 2.302099999999999813e+00 2.399999999999999911e-01
1.000000000000000056e-01 9.990000000000000568e+01 2.300000000000000000e+01 7.500000000000000000e+02 2.500000000000000000e+02 2.943999999999999950e+00 3.800000000000000044e-01 1.781413000000000011e+03 3.740000000000000213e+00 7.243999999999999773e+02 6.599999999999999645e+00 7.014869999999999663e+02 3.319999999999999840e+00 2.407599999999999962e+00 2.099999999999999922e-01
1.000000000000000056e-01 9.990000000000000568e+01 2.300000000000000000e+01 7.500000000000000000e+02 2.750000000000000000e+02 3.019000000000000128e+00 4.500000000000000111e-01 1.709869999999999891e+03 2.680000000000000160e+00 7.437999999999999545e+02 7.500000000000000000e+00 7.020030000000000427e+02 3.740000000000000213e+00 2.517500000000000071e+00 2.000000000000000111e-01
1.000000000000000056e-01 9.990000000000000568e+01 2.300000000000000000e+01 7.500000000000000000e+02 3.000000000000000000e+02 0.000000000000000000e+00 0.000000000000000000e+00 0.000000000000000000e+00 0.000000000000000000e+00 0.000000000000000000e+00 0.000000000000000000e+00 0.000000000000000000e+00 0.000000000000000000e+00 0.000000000000000000e+00 0.000000000000000000e+00
1.000000000000000056e-01 9.990000000000000568e+01 2.300000000000000000e+01 2.250000000000000000e+03 2.500000000000000000e+01 1.237000000000000099e+00 6.500000000000000222e-01 2.815293999999999869e+03 4.809999999999999609e+00 6.536000000000000227e+02 7.900000000000000355e+00 1.027804000000000087e+03 3.939999999999999947e+00 4.949999999999999956e-01 2.399999999999999911e-01
1.000000000000000056e-01 9.990000000000000568e+01 2.300000000000000000e+01 2.250000000000000000e+03 5.000000000000000000e+01 1.471000000000000085e+00 6.300000000000000044e-01 2.287391999999999825e+03 2.830000000000000071e+00 4.978999999999999773e+02 9.599999999999999645e+00 8.227380000000000564e+02 4.799999999999999822e+00 6.603999999999999870e-01 2.300000000000000100e-01
1.000000000000000056e-01 9.990000000000000568e+01 2.300000000000000000e+01 2.250000000000000000e+03 7.500000000000000000e+01 1.657999999999999918e+00 3.800000000000000044e-01 2.018796000000000049e+03 2.589999999999999858e+00 4.243999999999999773e+02 6.299999999999999822e+00 7.154130000000000109e+02 3.169999999999999929e+00 7.972000000000000197e-01 1.499999999999999944e-01
1.000000000000000056e-01 9.990000000000000568e+01 2.300000000000000000e+01 2.250000000000000000e+03 1.000000000000000000e+02 0.000000000000000000e+00 0.000000000000000000e+00 0.000000000000000000e+00 0.000000000000000000e+00 0.000000000000000000e+00 0.000000000000000000e+00 0.000000000000000000e+00 0.000000000000000000e+00 0.000000000000000000e+00 0.000000000000000000e+00
1.000000000000000056e-01 9.990000000000000568e+01 2.300000000000000000e+01 2.250000000000000000e+03 1.250000000000000000e+02 1.905000000000000027e+00 2.999999999999999889e-01 1.650714999999999918e+03 3.089999999999999858e+00 4.336999999999999886e+02 7.700000000000000178e+00 6.747450000000000045e+02 3.870000000000000107e+00 1.018299999999999983e+00 1.600000000000000033e-01
1.000000000000000056e-01 9.990000000000000568e+01 2.300000000000000000e+01 2.250000000000000000e+03 1.500000000000000000e+02 2.004000000000000004e+00 5.699999999999999512e-01 1.647528000000000020e+03 3.979999999999999982e+00 3.683999999999999773e+02 9.500000000000000000e+00 6.062799999999999727e+02 4.740000000000000213e+00 1.117099999999999982e+00 2.600000000000000089e-01
1.000000000000000056e-01 9.990000000000000568e+01 2.300000000000000000e+01 2.250000000000000000e+03 1.750000000000000000e+02 2.084000000000000075e+00 4.299999999999999933e-01 1.553949000000000069e+03 3.419999999999999929e+00 3.973000000000000114e+02 7.299999999999999822e+00 6.175019999999999527e+02 3.669999999999999929e+00 1.201300000000000034e+00 2.099999999999999922e-01
1.000000000000000056e-01 9.990000000000000568e+01 2.300000000000000000e+01 2.250000000000000000e+03 2.000000000000000000e+02 2.165999999999999925e+00 4.500000000000000111e-01 1.494798000000000002e+03 2.330000000000000071e+00 3.743000000000000114e+02 7.799999999999999822e+00 5.878659999999999854e+02 3.890000000000000124e+00 1.285600000000000076e+00 2.000000000000000111e-01
1.000000000000000056e-01 9.990000000000000568e+01 2.300000000000000000e+01 2.250000000000000000e+03 2.250000000000000000e+02 0.000000000000000000e+00 0.000000000000000000e+00 0.000000000000000000e+00 0.000000000000000000e+00 0.000000000000000000e+00 0.000000000000000000e+00 0.000000000000000000e+00 0.000000000000000000e+00 0.000000000000000000e+00 0.000000000000000000e+00
1.000000000000000056e-01 9.990000000000000568e+01 2.300000000000000000e+01 2.250000000000000000e+03 2.500000000000000000e+02 2.261000000000000121e+00 2.999999999999999889e-01 1.375739000000000033e+03 3.759999999999999787e+00 2.981000000000000227e+02 4.099999999999999645e+00 5.134230000000000018e+02 2.049999999999999822e+00 1.427200000000000024e+00 1.499999999999999944e-01
1.000000000000000056e-01 9.990000000000000568e+01 2.300000000000000000e+01 2.250000000000000000e+03 2.750000000000000000e+02 2.301000000000000156e+00 5.200000000000000178e-01 1.341249000000000024e+03 2.680000000000000160e+00 3.261999999999999886e+02 6.000000000000000000e+00 5.324489999999999554e+02 3.029999999999999805e+00 1.487300000000000066e+00 2.200000000000000011e-01
1.000000000000000056e-01 9.990000000000000568e+01 2.300000000000000000e+01 2.250000000000000000e+03 3.000000000000000000e+02 2.384999999999999787e+00 6.400000000000000133e-01 1.272951999999999998e+03 3.339999999999999858e+00 3.288999999999999773e+02 7.400000000000000355e+00 5.251979999999999791e+02 3.729999999999999982e+00 1.561099999999999932e+00 3.099999999999999978e-01
1.000000000000000056e-01 9.990000000000000568e+01 2.300000000000000000e+01 4.500000000000000000e+03 2.500000000000000000e+01 1.042000000000000037e+00 5.100000000000000089e-01 2.346211999999999989e+03 3.339999999999999858e+00 4.253999999999999773e+02 4.900000000000000355e+00 9.036689999999999827e+02 2.450000000000000178e+00 3.788000000000000256e-01 2.300000000000000100e-01
1.000000000000000056e-01 9.990000000000000568e+01 2.300000000000000000e+01 4.500000000000000000e+03 5.000000000000000000e+01 1.237000000000000099e+00 6.500000000000000222e-01 1.990713999999999942e+03 4.809999999999999609e+00 3.268000000000000114e+02 7.900000000000000355e+00 7.267670000000000528e+02 3.939999999999999947e+00 4.949999999999999956e-01 2.399999999999999911e-01
1.000000000000000056e-01 9.990000000000000568e+01 2.300000000000000000e+01 4.500000000000000000e+03 7.500000000000000000e+01 1.370999999999999996e+00 6.300000000000000044e-01 1.712303000000000111e+03 3.520000000000000018e+00 2.630000000000000000e+02 6.900000000000000355e+00 6.192730000000000246e+02 3.479999999999999982e+00 5.842000000000000526e-01 2.000000000000000111e-01
1.000000000000000056e-01 9.990000000000000568e+01 2.300000000000000000e+01 4.500000000000000000e+03 1.000000000000000000e+02 1.471000000000000085e+00 6.300000000000000044e-01 1.617430000000000064e+03 2.830000000000000071e+00 2.489000000000000057e+02 9.599999999999999645e+00 5.817640000000000100e+02 4.799999999999999822e+00 6.603999999999999870e-01 2.300000000000000100e-01
1.000000000000000056e-01 9.990000000000000568e+01 2.300000000000000000e+01 4.500000000000000000e+03 1.250000000000000000e+02 1.572999999999999954e+00 4.600000000000000200e-01 1.557288999999999987e+03 2.609999999999999876e+00 2.340999999999999943e+02 4.500000000000000000e+00 5.454800000000000182e+02 2.240000000000000213e+00 7.315000000000000391e-01 1.799999999999999933e-01
1.000000000000000056e-01 9.990000000000000568e+01 2.300000000000000000e+01 4.500000000000000000e+03 1.500000000000000000e+02 1.657999999999999918e+00 3.800000000000000044e-01 1.427503999999999905e+03 2.589999999999999858e+00 2.121999999999999886e+02 6.299999999999999822e+00 5.058729999999999905e+02 3.169999999999999929e+00 7.972000000000000197e-01 1.499999999999999944e-01
1.000000000000000056e-01 9.990000000000000568e+01 2.300000000000000000e+01 4.500000000000000000e+03 1.750000000000000000e+02 1.731000000000000094e+00 5.200000000000000178e-01 1.362201000000000022e+03 3.390000000000000124e+00 2.265999999999999943e+02 6.900000000000000355e+00 5.116610000000000014e+02 3.470000000000000195e+00 8.565000000000000391e-01 2.200000000000000011e-01
1.000000000000000056e-01 9.990000000000000568e+01 2.300000000000000000e+01 4.500000000000000000e+03 2.000000000000000000e+02 0.000000000000000000e+00 0.000000000000000000e+00 0.000000000000000000e+00 0.000000000000000000e+00 0.000000000000000000e+00 0.000000000000000000e+00 0.000000000000000000e+00 0.000000000000000000e+00 0.000000000000000000e+00 0.000000000000000000e+00
1.000000000000000056e-01 9.990000000000000568e+01 2.300000000000000000e+01 4.500000000000000000e+03 2.250000000000000000e+02 1.842999999999999972e+00 5.899999999999999689e-01 1.232750000000000000e+03 1.139999999999999902e+00 2.119000000000000057e+02 1.600000000000000089e+00 4.795539999999999736e+02 8.699999999999999956e-01 9.653000000000000469e-01 2.700000000000000178e-01
1.000000000000000056e-01 9.990000000000000568e+01 2.300000000000000000e+01 4.500000000000000000e+03 2.500000000000000000e+02 1.905000000000000027e+00 2.999999999999999889e-01 1.191431000000000040e+03 1.280000000000000027e+00 2.175000000000000000e+02 2.700000000000000178e+00 4.777980000000000018e+02 1.340000000000000080e+00 1.018299999999999983e+00 1.600000000000000033e-01
1.000000000000000056e-01 9.990000000000000568e+01 2.300000000000000000e+01 4.500000000000000000e+03 2.750000000000000000e+02 1.941999999999999948e+00 5.000000000000000000e-01 1.152434999999999945e+03 1.389999999999999902e+00 2.100000000000000000e+02 3.299999999999999822e+00 4.649529999999999745e+02 1.669999999999999929e+00 1.064000000000000057e+00 2.700000000000000178e-01
1.000000000000000056e-01 9.990000000000000568e+01 2.300000000000000000e+01 4.500000000000000000e+03 3.000000000000000000e+02 2.004000000000000004e+00 5.699999999999999512e-01 1.141997000000000071e+03 1.629999999999999893e+00 2.016999999999999886e+02 3.600000000000000089e+00 4.486510000000000105e+02 1.830000000000000071e+00 1.117099999999999982e+00 2.600000000000000089e-01
1.000000000000000056e-01 9.990000000000000568e+01 2.300000000000000000e+01 6.750000000000000000e+03 2.500000000000000000e+01 9.533000000000000362e-01 5.100000000000000089e-01 1.922290999999999940e+03 4.339999999999999858e+00 3.088999999999999773e+02 7.400000000000000355e+00 8.050080000000000382e+02 3.720000000000000195e+00 3.262999999999999790e-01 2.200000000000000011e-01
1.000000000000000056e-01 9.990000000000000568e+01 2.300000000000000000e+01 6.750000000000000000e+03 5.000000000000000000e+01 1.112000000000000099e+00 6.300000000000000044e-01 1.853698000000000093e+03 3.520000000000000018e+00 2.236999999999999886e+02 7.099999999999999645e+00 6.342930000000000064e+02 3.569999999999999840e+00 4.234999999999999876e-01 2.600000000000000089e-01
1.000000000000000056e-01 9.990000000000000568e+01 2.300000000000000000e+01 6.750000000000000000e+03 7.500000000000000000e+01 1.237000000000000099e+00 6.500000000000000222e-01 1.625411000000000058e+03 4.809999999999999609e+00 2.179000000000000057e+02 7.900000000000000355e+00 5.934030000000000200e+02 3.939999999999999947e+00 4.949999999999999956e-01 2.399999999999999911e-01
1.000000000000000056e-01 9.990000000000000568e+01 2.300000000000000000e+01 6.750000000000000000e+03 1.000000000000000000e+02 1.324000000000000066e+00 4.500000000000000111e-01 1.457500000000000000e+03 2.740000000000000213e+00 1.839000000000000057e+02 6.099999999999999645e+00 5.270480000000000018e+02 3.040000000000000036e+00 5.554000000000000048e-01 2.000000000000000111e-01
1.000000000000000056e-01 9.990000000000000568e+01 2.300000000000000000e+01 6.750000000000000000e+03 1.250000000000000000e+02 1.405000000000000027e+00 3.800000000000000044e-01 1.380603000000000065e+03 1.229999999999999982e+00 1.896999999999999886e+02 3.399999999999999911e+00 5.195769999999999982e+02 1.709999999999999964e+00 6.099999999999999867e-01 1.799999999999999933e-01
1.000000000000000056e-01 9.990000000000000568e+01 2.300000000000000000e+01 6.750000000000000000e+03 1.500000000000000000e+02 1.471000000000000085e+00 6.300000000000000044e-01 1.321551999999999907e+03 1.419999999999999929e+00 1.700000000000000000e+02 3.299999999999999822e+00 4.808149999999999977e+02 1.659999999999999920e+00 6.603999999999999870e-01 2.300000000000000100e-01
1.000000000000000056e-01 9.990000000000000568e+01 2.300000000000000000e+01 6.750000000000000000e+03 1.750000000000000000e+02 1.544999999999999929e+00 3.800000000000000044e-01 1.231233999999999924e+03 1.530000000000000027e+00 1.680000000000000000e+02 3.100000000000000089e+00 4.663319999999999936e+02 1.570000000000000062e+00 7.080999999999999517e-01 1.499999999999999944e-01
1.000000000000000056e-01 9.990000000000000568e+01 2.300000000000000000e+01 6.750000000000000000e+03 2.000000000000000000e+02 1.602999999999999980e+00 3.699999999999999956e-01 1.191102000000000089e+03 1.300000000000000044e+00 1.624000000000000057e+02 4.000000000000000000e+00 4.501200000000000045e+02 2.000000000000000000e+00 7.537000000000000366e-01 2.200000000000000011e-01
1.000000000000000056e-01 9.990000000000000568e+01 2.300000000000000000e+01 6.750000000000000000e+03 2.250000000000000000e+02 1.657999999999999918e+00 3.800000000000000044e-01 1.154019000000000005e+03 1.320000000000000062e+00 1.651999999999999886e+02 3.000000000000000000e+00 4.463070000000000164e+02 1.500000000000000000e+00 7.972000000000000197e-01 1.499999999999999944e-01
1.000000000000000056e-01 9.990000000000000568e+01 2.300000000000000000e+01 6.750000000000000000e+03 2.500000000000000000e+02 1.699000000000000066e+00 8.100000000000000533e-01 1.121458000000000084e+03 1.409999999999999920e+00 1.513000000000000114e+02 2.399999999999999911e+00 4.219739999999999895e+02 1.280000000000000027e+00 8.363000000000000433e-01 3.300000000000000155e-01
1.000000000000000056e-01 9.990000000000000568e+01 2.300000000000000000e+01 6.750000000000000000e+03 2.750000000000000000e+02 1.735000000000000098e+00 5.999999999999999778e-01 1.072137999999999920e+03 1.760000000000000009e+00 1.568000000000000114e+02 3.899999999999999911e+00 4.251329999999999814e+02 2.000000000000000000e+00 8.742999999999999661e-01 2.800000000000000266e-01
1.000000000000000056e-01 9.990000000000000568e+01 2.300000000000000000e+01 6.750000000000000000e+03 3.000000000000000000e+02 0.000000000000000000e+00 0.000000000000000000e+00 0.000000000000000000e+00 0.000000000000000000e+00 0.000000000000000000e+00 0.000000000000000000e+00 0.000000000000000000e+00 0.000000000000000000e+00 0.000000000000000000e+00 0.000000000000000000e+00
0.000000000000000000e+00 1.000000000000000000e+02 2.300000000000000000e+01 7.500000000000000000e+02 2.500000000000000000e+01 1.655999999999999917e+00 4.600000000000000200e-01 3.652045000000000073e+03 3.779999999999999805e+00 1.418000000000000000e+03 4.200000000000000178e+00 1.308631000000000085e+03 2.120000000000000107e+00 7.961000000000000298e-01 1.799999999999999933e-01
0.000000000000000000e+00 1.000000000000000000e+02 2.300000000000000000e+01 7.500000000000000000e+02 5.000000000000000000e+01 1.995999999999999996e+00 4.400000000000000022e-01 2.869474000000000160e+03 2.270000000000000018e+00 1.156000000000000000e+03 5.200000000000000178e+00 1.076324000000000069e+03 2.620000000000000107e+00 1.112200000000000077e+00 1.799999999999999933e-01
0.000000000000000000e+00 1.000000000000000000e+02 2.300000000000000000e+01 7.500000000000000000e+02 7.500000000000000000e+01 2.217999999999999972e+00 5.899999999999999689e-01 2.478855000000000018e+03 3.029999999999999805e+00 9.762000000000000455e+02 8.300000000000000711e+00 9.383210000000000264e+02 4.169999999999999929e+00 1.358600000000000030e+00 2.899999999999999800e-01
0.000000000000000000e+00 1.000000000000000000e+02 2.300000000000000000e+01 7.500000000000000000e+02 1.000000000000000000e+02 2.387999999999999901e+00 3.900000000000000133e-01 2.315731999999999971e+03 2.950000000000000178e+00 9.956000000000000227e+02 6.299999999999999822e+00 9.131430000000000291e+02 3.169999999999999929e+00 1.561700000000000088e+00 1.799999999999999933e-01
0.000000000000000000e+00 1.000000000000000000e+02 2.300000000000000000e+01 7.500000000000000000e+02 1.250000000000000000e+02 2.521999999999999797e+00 5.100000000000000089e-01 2.110327000000000226e+03 3.259999999999999787e+00 9.108999999999999773e+02 7.599999999999999645e+00 8.499349999999999454e+02 3.819999999999999840e+00 1.739500000000000046e+00 2.300000000000000100e-01
0.000000000000000000e+00 1.000000000000000000e+02 2.300000000000000000e+01 7.500000000000000000e+02 1.500000000000000000e+02 0.000000000000000000e+00 0.000000000000000000e+00 0.000000000000000000e+00 0.000000000000000000e+00 0.000000000000000000e+00 0.000000000000000000e+00 0.000000000000000000e+00 0.000000000000000000e+00 0.000000000000000000e+00 0.000000000000000000e+00
0.000000000000000000e+00 1.000000000000000000e+02 2.300000000000000000e+01 7.500000000000000000e+02 1.750000000000000000e+02 2.713000000000000078e+00 6.700000000000000400e-01 2.002007000000000062e+03 3.160000000000000142e+00 7.610000000000000000e+02 1.219999999999999929e+01 7.490199999999999818e+02 6.129999999999999893e+00 2.037300000000000111e+00 2.999999999999999889e-01
0.000000000000000000e+00 1.000000000000000000e+02 2.300000000000000000e+01 7.500000000000000000e+02 2.000000000000000000e+02 2.815999999999999837e+00 4.099999999999999756e-01 1.842358999999999924e+03 3.220000000000000195e+00 7.156000000000000227e+02 8.400000000000000355e+00 7.129289999999999736e+02 4.190000000000000391e+00 2.173700000000000188e+00 2.000000000000000111e-01
0.000000000000000000e+00 1.000000000000000000e+02 2.300000000000000000e+01 7.500000000000000000e+02 2.250000000000000000e+02 2.892999999999999794e+00 4.899999999999999911e-01 1.736465999999999894e+03 3.140000000000000124e+00 7.246000000000000227e+02 5.299999999999999822e+00 7.077590000000000146e+02 2.680000000000000160e+00 2.299100000000000144e+00 2.099999999999999922e-01
0.000000000000000000e+00 1.000000000000000000e+02 2.300000000000000000e+01 7.500000000000000000e+02 2.500000000000000000e+02 2.963999999999999968e+00 4.500000000000000111e-01 1.830185999999999922e+03 2.580000000000000071e+00 7.022999999999999545e+02 7.400000000000000355e+00 6.884400000000000546e+02 3.729999999999999982e+00 2.413100000000000023e+00 1.700000000000000122e-01
0.000000000000000000e+00 1.000000000000000000e+02 2.300000000000000000e+01 7.500000000000000000e+02 2.750000000000000000e+02 3.029999999999999805e+00 5.200000000000000178e-01 1.758530999999999949e+03 2.970000000000000195e+00 6.931000000000000227e+02 4.500000000000000000e+00 6.764130000000000109e+02 2.270000000000000018e+00 2.522800000000000153e+00 2.200000000000000011e-01
0.000000000000000000e+00 1.000000000000000000e+02 2.300000000000000000e+01 7.500000000000000000e+02 3.000000000000000000e+02 3.061999999999999833e+00 5.100000000000000089e-01 1.642932000000000016e+03 2.640000000000000124e+00 6.837000000000000455e+02 6.900000000000000355e+00 6.682210000000000036e+02 3.439999999999999947e+00 2.616000000000000103e+00 2.200000000000000011e-01
0.000000000000000000e+00 1.000000000000000000e+02 2.300000000000000000e+01 2.250000000000000000e+03 2.500000000000000000e+01 1.223999999999999977e+00 5.699999999999999512e-01 2.794672000000000025e+03 2.919999999999999929e+00 5.887999999999999545e+02 6.799999999999999822e+00 9.809550000000000409e+02 3.410000000000000142e+00 4.934999999999999942e-01 2.300000000000000100e-01
0.000000000000000000e+00 1.000000000000000000e+02 2.300000000000000000e+01 2.250000000000000000e+03 5.000000000000000000e+01 1.473000000000000087e+00 5.000000000000000000e-01 2.375639999999999873e+03 2.640000000000000124e+00 4.613000000000000114e+02 6.700000000000000178e+00 7.913909999999999627e+02 3.379999999999999893e+00 6.602999999999999980e-01 2.099999999999999922e-01
0.000000000000000000e+00 1.000000000000000000e+02 2.300000000000000000e+01 2.250000000000000000e+03 7.500000000000000000e+01 1.653999999999999915e+00 4.500000000000000111e-01 2.068907000000000153e+03 3.500000000000000000e+00 4.768000000000000114e+02 5.200000000000000178e+00 7.592519999999999527e+02 2.620000000000000107e+00 7.965999999999999748e-01 1.900000000000000022e-01
0.000000000000000000e+00 1.000000000000000000e+02 2.300000000000000000e+01 2.250000000000000000e+03 1.000000000000000000e+02 1.776000000000000023e+00 4.000000000000000222e-01 1.829182000000000016e+03 3.500000000000000000e+00 4.218999999999999773e+02 5.500000000000000000e+00 6.893600000000000136e+02 2.779999999999999805e+00 9.102999999999999980e-01 1.600000000000000033e-01
0.000000000000000000e+00 1.000000000000000000e+02 2.300000000000000000e+01 2.250000000000000000e+03 1.250000000000000000e+02 1.891000000000000014e+00 6.099999999999999867e-01 1.769728000000000065e+03 3.279999999999999805e+00 3.793000000000000114e+02 6.500000000000000000e+00 6.333590000000000373e+02 3.250000000000000000e+00 1.014799999999999924e+00 2.700000000000000178e-01
0.000000000000000000e+00 1.000000000000000000e+02 2.300000000000000000e+01 2.250000000000000000e+03 1.500000000000000000e+02 1.997000000000000108e+00 4.799999999999999822e-01 1.607845000000000027e+03 2.709999999999999964e+00 3.678999999999999773e+02 4.299999999999999822e+00 6.070720000000000027e+02 2.140000000000000124e+00 1.113599999999999923e+00 2.000000000000000111e-01
0.000000000000000000e+00 1.000000000000000000e+02 2.300000000000000000e+01 2.250000000000000000e+03 1.750000000000000000e+02 2.084000000000000075e+00 4.099999999999999756e-01 1.602017000000000053e+03 2.890000000000000124e+00 3.500000000000000000e+02 5.799999999999999822e+00 5.794909999999999854e+02 2.910000000000000142e+00 1.200900000000000079e+00 1.700000000000000122e-01
0.000000000000000000e+00 1.000000000000000000e+02 2.300000000000000000e+01 2.250000000000000000e+03 2.000000000000000000e+02 2.152000000000000135e+00 4.600000000000000200e-01 1.548549999999999955e+03 3.660000000000000142e+00 3.515000000000000000e+02 8.099999999999999645e+00 5.715679999999999836e+02 4.070000000000000284e+00 1.279400000000000093e+00 2.500000000000000000e-01
0.000000000000000000e+00 1.000000000000000000e+02 2.300000000000000000e+01 2.250000000000000000e+03 2.250000000000000000e+02 2.213000000000000078e+00 5.699999999999999512e-01 1.437288000000000011e+03 2.160000000000000142e+00 3.550000000000000000e+02 5.900000000000000355e+00 5.663600000000000136e+02 2.959999999999999964e+00 1.357499999999999929e+00 2.800000000000000266e-01
0.000000000000000000e+00 1.000000000000000000e+02 2.300000000000000000e+01 2.250000000000000000e+03 2.500000000000000000e+02 2.271999999999999797e+00 7.299999999999999822e-01 1.432250000000000000e+03 3.549999999999999822e+00 3.316999999999999886e+02 6.000000000000000000e+00 5.404070000000000391e+02 3.040000000000000036e+00 1.428800000000000070e+00 3.300000000000000155e-01
0.000000000000000000e+00 1.000000000000000000e+02 2.300000000000000000e+01 2.250000000000000000e+03 2.750000000000000000e+02 2.330000000000000071e+00 6.899999999999999467e-01 1.407249000000000024e+03 2.890000000000000124e+00 2.961999999999999886e+02 6.500000000000000000e+00 5.043020000000000209e+02 3.250000000000000000e+00 1.495200000000000085e+00 2.899999999999999800e-01
0.000000000000000000e+00 1.000000000000000000e+02 2.300000000000000000e+01 2.250000000000000000e+03 3.000000000000000000e+02 2.387999999999999901e+00 3.900000000000000133e-01 1.336989000000000033e+03 2.950000000000000178e+00 3.318999999999999773e+02 6.299999999999999822e+00 5.272039999999999509e+02 3.169999999999999929e+00 1.561700000000000088e+00 1.799999999999999933e-01
0.000000000000000000e+00 1.000000000000000000e+02 2.300000000000000000e+01 4.500000000000000000e+03 2.500000000000000000e+01 1.052000000000000046e+00 5.899999999999999689e-01 2.336222999999999956e+03 3.470000000000000195e+00 3.833999999999999773e+02 8.099999999999999645e+00 8.537599999999999909e+02 4.070000000000000284e+00 3.810999999999999943e-01 3.099999999999999978e-01
0.000000000000000000e+00 1.000000000000000000e+02 2.300000000000000000e+01 4.500000000000000000e+03 5.000000000000000000e+01 1.223999999999999977e+00 5.699999999999999512e-01 1.976131000000000085e+03 2.919999999999999929e+00 2.943999999999999773e+02 6.799999999999999822e+00 6.936399999999999864e+02 3.410000000000000142e+00 4.934999999999999942e-01 2.300000000000000100e-01
0.000000000000000000e+00 1.000000000000000000e+02 2.300000000000000000e+01 4.500000000000000000e+03 7.500000000000000000e+01 1.362999999999999989e+00 4.299999999999999933e-01 1.759781999999999925e+03 3.689999999999999947e+00 2.686999999999999886e+02 5.500000000000000000e+00 6.278990000000000009e+02 2.740000000000000213e+00 5.826999999999999957e-01 1.900000000000000022e-01
0.000000000000000000e+00 1.000000000000000000e+02 2.300000000000000000e+01 4.500000000000000000e+03 1.000000000000000000e+02 1.473000000000000087e+00 5.000000000000000000e-01 1.679830999999999904e+03 2.640000000000000124e+00 2.305999999999999943e+02 6.700000000000000178e+00 5.595979999999999563e+02 3.379999999999999893e+00 6.602999999999999980e-01 2.099999999999999922e-01
0.000000000000000000e+00 1.000000000000000000e+02 2.300000000000000000e+01 4.500000000000000000e+03 1.250000000000000000e+02 1.558000000000000052e+00 3.400000000000000244e-01 1.558931000000000040e+03 3.410000000000000142e+00 2.058000000000000114e+02 7.200000000000000178e+00 5.138890000000000100e+02 3.620000000000000107e+00 7.294000000000000483e-01 1.300000000000000044e-01
0.000000000000000000e+00 1.000000000000000000e+02 2.300000000000000000e+01 4.500000000000000000e+03 1.500000000000000000e+02 1.653999999999999915e+00 4.500000000000000111e-01 1.462938000000000102e+03 3.500000000000000000e+00 2.384000000000000057e+02 5.200000000000000178e+00 5.368730000000000473e+02 2.620000000000000107e+00 7.965999999999999748e-01 1.900000000000000022e-01
0.000000000000000000e+00 1.000000000000000000e+02 2.300000000000000000e+01 4.500000000000000000e+03 1.750000000000000000e+02 1.729999999999999982e+00 5.100000000000000089e-01 1.386306000000000040e+03 3.049999999999999822e+00 2.331999999999999886e+02 4.500000000000000000e+00 5.192630000000000337e+02 2.250000000000000000e+00 8.570999999999999730e-01 2.000000000000000111e-01
0.000000000000000000e+00 1.000000000000000000e+02 2.300000000000000000e+01 4.500000000000000000e+03 2.000000000000000000e+02 1.776000000000000023e+00 4.000000000000000222e-01 1.285602000000000089e+03 1.909999999999999920e+00 2.285999999999999943e+02 2.500000000000000000e+00 5.073910000000000196e+02 1.260000000000000009e+00 9.102999999999999980e-01 1.600000000000000033e-01
0.000000000000000000e+00 1.000000000000000000e+02 2.300000000000000000e+01 4.500000000000000000e+03 2.250000000000000000e+02 1.840000000000000080e+00 3.900000000000000133e-01 1.263396999999999935e+03 1.459999999999999964e+00 2.250000000000000000e+02 2.700000000000000178e+00 4.945190000000000055e+02 1.370000000000000107e+00 9.646000000000000130e-01 1.900000000000000022e-01
0.000000000000000000e+00 1.000000000000000000e+02 2.300000000000000000e+01 4.500000000000000000e+03 2.500000000000000000e+02 1.891000000000000014e+00 6.099999999999999867e-01 1.236970000000000027e+03 1.479999999999999982e+00 2.061999999999999886e+02 1.899999999999999911e+00 4.670269999999999868e+02 1.010000000000000009e+00 1.014799999999999924e+00 2.700000000000000178e-01
0.000000000000000000e+00 1.000000000000000000e+02 2.300000000000000000e+01 4.500000000000000000e+03 2.750000000000000000e+02 1.963999999999999968e+00 5.100000000000000089e-01 1.189984999999999900e+03 1.149999999999999911e+00 2.246999999999999886e+02 1.800000000000000044e+00 4.782889999999999873e+02 9.300000000000000488e-01 1.069199999999999928e+00 2.600000000000000089e-01
0.000000000000000000e+00 1.000000000000000000e+02 2.300000000000000000e+01 4.500000000000000000e+03 3.000000000000000000e+02 1.997000000000000108e+00 4.799999999999999822e-01 1.148573000000000093e+03 1.250000000000000000e+00 2.104000000000000057e+02 2.399999999999999911e+00 4.591030000000000086e+02 1.199999999999999956e+00 1.113599999999999923e+00 2.000000000000000111e-01
0.000000000000000000e+00 1.000000000000000000e+02 2.300000000000000000e+01 6.750000000000000000e+03 2.500000000000000000e+01 9.529999999999999583e-01 6.500000000000000222e-01 2.053278999999999996e+03 3.200000000000000178e+00 2.681000000000000227e+02 7.000000000000000000e+00 7.500430000000000064e+02 3.529999999999999805e+00 3.260000000000000120e-01 2.700000000000000178e-01
0.000000000000000000e+00 1.000000000000000000e+02 2.300000000000000000e+01 6.750000000000000000e+03 5.000000000000000000e+01 1.118000000000000105e+00 4.000000000000000222e-01 1.858848999999999933e+03 2.479999999999999982e+00 2.294000000000000057e+02 8.000000000000000000e+00 6.406369999999999436e+02 4.009999999999999787e+00 4.228000000000000091e-01 1.600000000000000033e-01
0.000000000000000000e+00 1.000000000000000000e+02 2.300000000000000000e+01 6.750000000000000000e+03 7.500000000000000000e+01 1.237000000000000099e+00 6.300000000000000044e-01 1.602683999999999969e+03 2.819999999999999840e+00 1.893000000000000114e+02 7.599999999999999645e+00 5.532949999999999591e+02 3.810000000000000053e+00 4.959000000000000075e-01 2.300000000000000100e-01
0.000000000000000000e+00 1.000000000000000000e+02 2.300000000000000000e+01 6.750000000000000000e+03 1.000000000000000000e+02 1.332000000000000073e+00 6.899999999999999467e-01 1.572413000000000011e+03 3.500000000000000000e+00 1.828000000000000114e+02 6.799999999999999822e+00 5.239429999999999836e+02 3.410000000000000142e+00 5.563000000000000167e-01 2.999999999999999889e-01
0.000000000000000000e+00 1.000000000000000000e+02 2.300000000000000000e+01 6.750000000000000000e+03 1.250000000000000000e+02 1.409999999999999920e+00 5.300000000000000266e-01 1.392698000000000093e+03 1.310000000000000053e+00 1.839000000000000057e+02 1.699999999999999956e+00 5.108299999999999841e+02 8.699999999999999956e-01 6.108999999999999986e-01 2.099999999999999922e-01
0.000000000000000000e+00 1.000000000000000000e+02 2.300000000000000000e+01 6.750000000000000000e+03 1.500000000000000000e+02 1.479000000000000092e+00 4.199999999999999845e-01 1.349963999999999942e+03 1.310000000000000053e+00 1.711999999999999886e+02 2.700000000000000178e+00 4.812409999999999854e+02 1.379999999999999893e+00 6.610000000000000320e-01 2.000000000000000111e-01
0.000000000000000000e+00 1.000000000000000000e+02 2.300000000000000000e+01 6.750000000000000000e+03 1.750000000000000000e+02 1.544999999999999929e+00 5.200000000000000178e-01 1.273963999999999942e+03 1.209999999999999964e+00 1.648000000000000114e+02 2.500000000000000000e+00 4.617909999999999968e+02 1.260000000000000009e+00 7.082000000000000517e-01 2.200000000000000011e-01
0.000000000000000000e+00 1.000000000000000000e+02 2.300000000000000000e+01 6.750000000000000000e+03 2.000000000000000000e+02 1.606000000000000094e+00 3.900000000000000133e-01 1.222547000000000025e+03 1.290000000000000036e+00 1.735000000000000000e+02 2.100000000000000089e+00 4.648220000000000027e+02 1.090000000000000080e+00 7.551999999999999824e-01 1.799999999999999933e-01
0.000000000000000000e+00 1.000000000000000000e+02 2.300000000000000000e+01 6.750000000000000000e+03 2.250000000000000000e+02 1.653000000000000025e+00 4.799999999999999822e-01 1.195578999999999951e+03 1.550000000000000044e+00 1.675999999999999943e+02 2.799999999999999822e+00 4.502359999999999900e+02 1.399999999999999911e+00 7.949000000000000510e-01 2.000000000000000111e-01
0.000000000000000000e+00 1.000000000000000000e+02 2.300000000000000000e+01 6.750000000000000000e+03 2.500000000000000000e+02 1.703000000000000069e+00 5.600000000000000533e-01 1.114057999999999993e+03 8.800000000000000044e-01 1.543000000000000114e+02 3.299999999999999822e+00 4.256250000000000000e+02 1.699999999999999956e+00 8.363000000000000433e-01 2.500000000000000000e-01
0.000000000000000000e+00 1.000000000000000000e+02 2.300000000000000000e+01 6.750000000000000000e+03 2.750000000000000000e+02 1.749000000000000110e+00 2.200000000000000011e-01 1.094775000000000091e+03 1.129999999999999893e+00 1.540000000000000000e+02 3.600000000000000089e+00 4.195539999999999736e+02 1.820000000000000062e+00 8.761999999999999789e-01 1.300000000000000044e-01
0.000000000000000000e+00 1.000000000000000000e+02 2.300000000000000000e+01 6.750000000000000000e+03 3.000000000000000000e+02 1.776000000000000023e+00 4.000000000000000222e-01 1.049690000000000055e+03 1.909999999999999920e+00 1.524000000000000057e+02 2.500000000000000000e+00 4.142830000000000155e+02 1.260000000000000009e+00 9.102999999999999980e-01 1.600000000000000033e-01
1.000000000000000000e+00 9.900000000000000000e+01 2.300000000000000000e+01 7.500000000000000000e+02 2.500000000000000000e+01 1.643999999999999906e+00 5.000000000000000000e-01 3.241702999999999975e+03 2.979999999999999982e+00 1.323000000000000000e+03 4.799999999999999822e+00 1.268750999999999976e+03 2.430000000000000160e+00 7.964999999999999858e-01 2.300000000000000100e-01
1.000000000000000000e+00 9.900000000000000000e+01 2.300000000000000000e+01 7.500000000000000000e+02 5.000000000000000000e+01 1.989000000000000101e+00 5.500000000000000444e-01 2.637690000000000055e+03 2.640000000000000124e+00 1.162000000000000000e+03 7.200000000000000178e+00 1.080830999999999904e+03 3.629999999999999893e+00 1.112500000000000044e+00 2.800000000000000266e-01
1.000000000000000000e+00 9.900000000000000000e+01 2.300000000000000000e+01 7.500000000000000000e+02 7.500000000000000000e+01 0.000000000000000000e+00 0.000000000000000000e+00 0.000000000000000000e+00 0.000000000000000000e+00 0.000000000000000000e+00 0.000000000000000000e+00 0.000000000000000000e+00 0.000000000000000000e+00 0.000000000000000000e+00 0.000000000000000000e+00
1.000000000000000000e+00 9.900000000000000000e+01 2.300000000000000000e+01 7.500000000000000000e+02 1.000000000000000000e+02 2.354999999999999982e+00 6.300000000000000044e-01 2.260387999999999920e+03 3.250000000000000000e+00 9.442000000000000455e+02 6.400000000000000355e+00 8.954790000000000418e+02 3.200000000000000178e+00 1.555199999999999916e+00 2.800000000000000266e-01
1.000000000000000000e+00 9.900000000000000000e+01 2.300000000000000000e+01 7.500000000000000000e+02 1.250000000000000000e+02 2.483999999999999986e+00 4.500000000000000111e-01 2.087157999999999902e+03 3.410000000000000142e+00 8.027999999999999545e+02 6.200000000000000178e+00 8.039339999999999691e+02 3.129999999999999893e+00 1.729899999999999993e+00 2.500000000000000000e-01
1.000000000000000000e+00 9.900000000000000000e+01 2.300000000000000000e+01 7.500000000000000000e+02 1.500000000000000000e+02 2.601999999999999869e+00 4.600000000000000200e-01 1.889132000000000062e+03 3.069999999999999840e+00 7.992000000000000455e+02 6.599999999999999645e+00 7.836929999999999836e+02 3.299999999999999822e+00 1.889199999999999990e+00 2.399999999999999911e-01
1.000000000000000000e+00 9.900000000000000000e+01 2.300000000000000000e+01 7.500000000000000000e+02 1.750000000000000000e+02 2.665000000000000036e+00 7.600000000000000089e-01 1.966451000000000022e+03 3.899999999999999911e+00 7.262000000000000455e+02 9.000000000000000000e+00 7.382200000000000273e+02 4.530000000000000249e+00 2.020000000000000018e+00 3.300000000000000155e-01
1.000000000000000000e+00 9.900000000000000000e+01 2.300000000000000000e+01 7.500000000000000000e+02 2.000000000000000000e+02 2.758999999999999897e+00 7.399999999999999911e-01 1.897950000000000045e+03 2.279999999999999805e+00 7.498999999999999773e+02 8.500000000000000000e+00 7.372740000000000009e+02 4.240000000000000213e+00 2.155100000000000016e+00 3.599999999999999867e-01
1.000000000000000000e+00 9.900000000000000000e+01 2.300000000000000000e+01 7.500000000000000000e+02 2.250000000000000000e+02 2.858999999999999986e+00 6.300000000000000044e-01 1.778893000000000029e+03 3.009999999999999787e+00 6.525000000000000000e+02 4.900000000000000355e+00 6.756670000000000300e+02 2.490000000000000213e+00 2.288499999999999979e+00 2.800000000000000266e-01
1.000000000000000000e+00 9.900000000000000000e+01 2.300000000000000000e+01 7.500000000000000000e+02 2.500000000000000000e+02 2.927999999999999936e+00 4.799999999999999822e-01 1.762502999999999929e+03 3.140000000000000124e+00 6.847999999999999545e+02 6.400000000000000355e+00 6.839519999999999982e+02 3.220000000000000195e+00 2.399599999999999955e+00 2.099999999999999922e-01
1.000000000000000000e+00 9.900000000000000000e+01 2.300000000000000000e+01 7.500000000000000000e+02 2.750000000000000000e+02 2.959000000000000075e+00 4.000000000000000222e-01 1.733465999999999894e+03 3.729999999999999982e+00 7.328999999999999773e+02 4.900000000000000355e+00 7.038239999999999554e+02 2.450000000000000178e+00 2.501300000000000079e+00 1.499999999999999944e-01
1.000000000000000000e+00 9.900000000000000000e+01 2.300000000000000000e+01 7.500000000000000000e+02 3.000000000000000000e+02 3.040000000000000036e+00 3.800000000000000044e-01 1.673641000000000076e+03 2.729999999999999982e+00 5.838999999999999773e+02 5.400000000000000355e+00 6.198319999999999936e+02 2.720000000000000195e+00 2.609199999999999964e+00 1.799999999999999933e-01
1.000000000000000000e+00 9.900000000000000000e+01 2.300000000000000000e+01 2.250000000000000000e+03 2.500000000000000000e+01 1.231000000000000094e+00 4.299999999999999933e-01 2.533108999999999924e+03 4.500000000000000000e+00 5.570000000000000000e+02 4.900000000000000355e+00 9.513060000000000400e+02 2.439999999999999947e+00 4.949999999999999956e-01 1.600000000000000033e-01
1.000000000000000000e+00 9.900000000000000000e+01 2.300000000000000000e+01 2.250000000000000000e+03 5.000000000000000000e+01 1.465999999999999970e+00 4.099999999999999756e-01 2.107954999999999927e+03 2.640000000000000124e+00 4.658000000000000114e+02 6.500000000000000000e+00 7.970729999999999791e+02 3.270000000000000018e+00 6.605999999999999650e-01 1.400000000000000133e-01
1.000000000000000000e+00 9.900000000000000000e+01 2.300000000000000000e+01 2.250000000000000000e+03 7.500000000000000000e+01 1.643999999999999906e+00 5.000000000000000000e-01 1.871597999999999956e+03 2.979999999999999982e+00 4.410000000000000000e+02 4.799999999999999822e+00 7.325140000000000100e+02 2.430000000000000160e+00 7.964999999999999858e-01 2.300000000000000100e-01
1.000000000000000000e+00 9.900000000000000000e+01 2.300000000000000000e+01 2.250000000000000000e+03 1.000000000000000000e+02 1.768999999999999906e+00 5.100000000000000089e-01 1.743784000000000106e+03 3.330000000000000071e+00 4.163999999999999773e+02 6.400000000000000355e+00 6.860810000000000173e+02 3.209999999999999964e+00 9.104999999999999760e-01 2.000000000000000111e-01
1.000000000000000000e+00 9.900000000000000000e+01 2.300000000000000000e+01 2.250000000000000000e+03 1.250000000000000000e+02 1.872999999999999998e+00 3.400000000000000244e-01 1.627372000000000071e+03 2.580000000000000071e+00 3.663999999999999773e+02 4.700000000000000178e+00 6.254569999999999936e+02 2.370000000000000107e+00 1.011800000000000033e+00 1.600000000000000033e-01
1.000000000000000000e+00 9.900000000000000000e+01 2.300000000000000000e+01 2.250000000000000000e+03 1.500000000000000000e+02 1.981999999999999984e+00 6.099999999999999867e-01 1.593971999999999980e+03 3.060000000000000053e+00 3.626000000000000227e+02 3.899999999999999911e+00 6.049070000000000391e+02 1.989999999999999991e+00 1.111299999999999955e+00 2.600000000000000089e-01
1.000000000000000000e+00 9.900000000000000000e+01 2.300000000000000000e+01 2.250000000000000000e+03 1.750000000000000000e+02 2.055000000000000160e+00 3.599999999999999867e-01 1.519602000000000089e+03 2.990000000000000213e+00 3.381999999999999886e+02 3.899999999999999911e+00 5.736620000000000346e+02 1.959999999999999964e+00 1.196900000000000075e+00 1.799999999999999933e-01
1.000000000000000000e+00 9.900000000000000000e+01 2.300000000000000000e+01 2.250000000000000000e+03 2.000000000000000000e+02 2.133000000000000007e+00 4.899999999999999911e-01 1.395796000000000049e+03 2.669999999999999929e+00 3.381000000000000227e+02 4.400000000000000355e+00 5.631250000000000000e+02 2.209999999999999964e+00 1.277199999999999891e+00 2.099999999999999922e-01
1.000000000000000000e+00 9.900000000000000000e+01 2.300000000000000000e+01 2.250000000000000000e+03 2.250000000000000000e+02 0.000000000000000000e+00 0.000000000000000000e+00 0.000000000000000000e+00 0.000000000000000000e+00 0.000000000000000000e+00 0.000000000000000000e+00 0.000000000000000000e+00 0.000000000000000000e+00 0.000000000000000000e+00 0.000000000000000000e+00
1.000000000000000000e+00 9.900000000000000000e+01 2.300000000000000000e+01 2.250000000000000000e+03 2.500000000000000000e+02 2.250999999999999890e+00 5.000000000000000000e-01 1.338837999999999965e+03 3.029999999999999805e+00 3.298999999999999773e+02 4.299999999999999822e+00 5.414500000000000455e+02 2.169999999999999929e+00 1.421999999999999931e+00 2.500000000000000000e-01
1.000000000000000000e+00 9.900000000000000000e+01 2.300000000000000000e+01 2.250000000000000000e+03 2.750000000000000000e+02 2.310000000000000053e+00 3.900000000000000133e-01 1.358931000000000040e+03 2.899999999999999911e+00 3.136999999999999886e+02 6.200000000000000178e+00 5.211309999999999718e+02 3.109999999999999876e+00 1.492699999999999916e+00 1.799999999999999933e-01
1.000000000000000000e+00 9.900000000000000000e+01 2.300000000000000000e+01 2.250000000000000000e+03 3.000000000000000000e+02 2.354999999999999982e+00 6.300000000000000044e-01 1.305036000000000058e+03 3.250000000000000000e+00 3.146999999999999886e+02 6.400000000000000355e+00 5.170049999999999955e+02 3.200000000000000178e+00 1.555199999999999916e+00 2.800000000000000266e-01
1.000000000000000000e+00 9.900000000000000000e+01 2.300000000000000000e+01 4.500000000000000000e+03 2.500000000000000000e+01 1.050000000000000044e+00 4.500000000000000111e-01 2.134563000000000102e+03 2.839999999999999858e+00 3.881999999999999886e+02 9.099999999999999645e+00 8.596860000000000355e+02 4.570000000000000284e+00 3.793000000000000260e-01 1.600000000000000033e-01
1.000000000000000000e+00 9.900000000000000000e+01 2.300000000000000000e+01 4.500000000000000000e+03 5.000000000000000000e+01 1.231000000000000094e+00 4.299999999999999933e-01 1.791178000000000111e+03 4.500000000000000000e+00 2.785000000000000000e+02 4.900000000000000355e+00 6.726749999999999545e+02 2.439999999999999947e+00 4.949999999999999956e-01 1.600000000000000033e-01
1.000000000000000000e+00 9.900000000000000000e+01 2.300000000000000000e+01 4.500000000000000000e+03 7.500000000000000000e+01 1.368000000000000105e+00 6.199999999999999956e-01 1.680838999999999942e+03 2.520000000000000018e+00 2.938000000000000114e+02 7.400000000000000355e+00 6.553310000000000173e+02 3.689999999999999947e+00 5.844000000000000306e-01 2.999999999999999889e-01
1.000000000000000000e+00 9.900000000000000000e+01 2.300000000000000000e+01 4.500000000000000000e+03 1.000000000000000000e+02 1.465999999999999970e+00 4.099999999999999756e-01 1.490548999999999978e+03 2.640000000000000124e+00 2.329000000000000057e+02 6.500000000000000000e+00 5.636159999999999854e+02 3.270000000000000018e+00 6.605999999999999650e-01 1.400000000000000133e-01
1.000000000000000000e+00 9.900000000000000000e+01 2.300000000000000000e+01 4.500000000000000000e+03 1.250000000000000000e+02 1.554999999999999938e+00 6.300000000000000044e-01 1.485132000000000062e+03 2.200000000000000178e+00 2.320000000000000000e+02 5.900000000000000355e+00 5.462789999999999964e+02 2.990000000000000213e+00 7.300999999999999712e-01 2.399999999999999911e-01
1.000000000000000000e+00 9.900000000000000000e+01 2.300000000000000000e+01 4.500000000000000000e+03 1.500000000000000000e+02 1.643999999999999906e+00 5.000000000000000000e-01 1.323420000000000073e+03 2.979999999999999982e+00 2.205000000000000000e+02 4.799999999999999822e+00 5.179650000000000318e+02 2.430000000000000160e+00 7.964999999999999858e-01 2.300000000000000100e-01
1.000000000000000000e+00 9.900000000000000000e+01 2.300000000000000000e+01 4.500000000000000000e+03 1.750000000000000000e+02 1.719999999999999973e+00 6.099999999999999867e-01 1.340163000000000011e+03 2.709999999999999964e+00 2.284000000000000057e+02 3.700000000000000178e+00 5.153809999999999718e+02 1.879999999999999893e+00 8.579999999999999849e-01 2.700000000000000178e-01
1.000000000000000000e+00 9.900000000000000000e+01 2.300000000000000000e+01 4.500000000000000000e+03 2.000000000000000000e+02 1.768999999999999906e+00 5.100000000000000089e-01 1.260301999999999907e+03 1.610000000000000098e+00 2.240000000000000000e+02 3.100000000000000089e+00 5.032450000000000045e+02 1.560000000000000053e+00 9.104999999999999760e-01 2.000000000000000111e-01
1.000000000000000000e+00 9.900000000000000000e+01 2.300000000000000000e+01 4.500000000000000000e+03 2.250000000000000000e+02 1.826999999999999957e+00 5.200000000000000178e-01 1.210979000000000042e+03 1.060000000000000053e+00 2.245000000000000000e+02 4.099999999999999645e+00 4.957049999999999841e+02 2.060000000000000053e+00 9.647999999999999909e-01 2.600000000000000089e-01
1.000000000000000000e+00 9.900000000000000000e+01 2.300000000000000000e+01 4.500000000000000000e+03 2.500000000000000000e+02 1.872999999999999998e+00 3.400000000000000244e-01 1.169311999999999898e+03 1.169999999999999929e+00 2.086999999999999886e+02 2.600000000000000089e+00 4.719789999999999850e+02 1.300000000000000044e+00 1.011800000000000033e+00 1.600000000000000033e-01
1.000000000000000000e+00 9.900000000000000000e+01 2.300000000000000000e+01 4.500000000000000000e+03 2.750000000000000000e+02 1.927999999999999936e+00 3.599999999999999867e-01 1.144798000000000002e+03 1.000000000000000000e+00 2.175000000000000000e+02 2.000000000000000000e+00 4.749560000000000173e+02 1.040000000000000036e+00 1.062500000000000000e+00 1.799999999999999933e-01
1.000000000000000000e+00 9.900000000000000000e+01 2.300000000000000000e+01 4.500000000000000000e+03 3.000000000000000000e+02 1.981999999999999984e+00 6.099999999999999867e-01 1.124954999999999927e+03 1.520000000000000018e+00 1.966999999999999886e+02 2.200000000000000178e+00 4.455439999999999827e+02 1.159999999999999920e+00 1.111299999999999955e+00 2.600000000000000089e-01
1.000000000000000000e+00 9.900000000000000000e+01 2.300000000000000000e+01 6.750000000000000000e+03 2.500000000000000000e+01 9.526999999999999913e-01 8.499999999999999778e-01 1.819270999999999958e+03 2.959999999999999964e+00 3.441000000000000227e+02 2.899999999999999911e+00 8.498840000000000146e+02 1.520000000000000018e+00 3.209000000000000186e-01 4.099999999999999756e-01
1.000000000000000000e+00 9.900000000000000000e+01 2.300000000000000000e+01 6.750000000000000000e+03 5.000000000000000000e+01 1.120000000000000107e+00 5.300000000000000266e-01 1.655796000000000049e+03 3.419999999999999929e+00 2.409000000000000057e+02 5.200000000000000178e+00 6.559510000000000218e+02 2.640000000000000124e+00 4.218999999999999972e-01 1.700000000000000122e-01
1.000000000000000000e+00 9.900000000000000000e+01 2.300000000000000000e+01 6.750000000000000000e+03 7.500000000000000000e+01 1.231000000000000094e+00 4.299999999999999933e-01 1.462490999999999985e+03 4.500000000000000000e+00 1.856999999999999886e+02 4.900000000000000355e+00 5.492369999999999663e+02 2.439999999999999947e+00 4.949999999999999956e-01 1.600000000000000033e-01
1.000000000000000000e+00 9.900000000000000000e+01 2.300000000000000000e+01 6.750000000000000000e+03 1.000000000000000000e+02 1.322000000000000064e+00 4.099999999999999756e-01 1.371493999999999915e+03 2.729999999999999982e+00 1.795000000000000000e+02 4.500000000000000000e+00 5.212179999999999609e+02 2.259999999999999787e+00 5.564999999999999947e-01 1.600000000000000033e-01
1.000000000000000000e+00 9.900000000000000000e+01 2.300000000000000000e+01 6.750000000000000000e+03 1.250000000000000000e+02 1.401000000000000023e+00 5.600000000000000533e-01 1.325412000000000035e+03 1.050000000000000044e+00 1.819000000000000057e+02 2.500000000000000000e+00 5.095930000000000177e+02 1.260000000000000009e+00 6.100999999999999757e-01 2.399999999999999911e-01
1.000000000000000000e+00 9.900000000000000000e+01 2.300000000000000000e+01 6.750000000000000000e+03 1.500000000000000000e+02 1.465999999999999970e+00 4.099999999999999756e-01 1.248163999999999987e+03 1.370000000000000107e+00 1.774000000000000057e+02 3.399999999999999911e+00 4.918380000000000223e+02 1.699999999999999956e+00 6.605999999999999650e-01 1.400000000000000133e-01
1.000000000000000000e+00 9.900000000000000000e+01 2.300000000000000000e+01 6.750000000000000000e+03 1.750000000000000000e+02 1.532000000000000028e+00 7.099999999999999645e-01 1.178824000000000069e+03 1.419999999999999929e+00 1.589000000000000057e+02 2.100000000000000089e+00 4.555079999999999814e+02 1.090000000000000080e+00 7.076999999999999957e-01 2.800000000000000266e-01
1.000000000000000000e+00 9.900000000000000000e+01 2.300000000000000000e+01 6.750000000000000000e+03 2.000000000000000000e+02 1.574999999999999956e+00 5.300000000000000266e-01 1.163571999999999889e+03 1.709999999999999964e+00 1.575000000000000000e+02 2.500000000000000000e+00 4.472300000000000182e+02 1.280000000000000027e+00 7.510000000000000009e-01 2.099999999999999922e-01
1.000000000000000000e+00 9.900000000000000000e+01 2.300000000000000000e+01 6.750000000000000000e+03 2.250000000000000000e+02 1.643999999999999906e+00 5.000000000000000000e-01 1.116240999999999985e+03 1.129999999999999893e+00 1.563000000000000114e+02 3.299999999999999822e+00 4.360179999999999723e+02 1.679999999999999938e+00 7.964999999999999858e-01 2.300000000000000100e-01
1.000000000000000000e+00 9.900000000000000000e+01 2.300000000000000000e+01 6.750000000000000000e+03 2.500000000000000000e+02 1.691000000000000059e+00 7.800000000000000266e-01 1.069469000000000051e+03 1.399999999999999911e+00 1.500000000000000000e+02 1.699999999999999956e+00 4.211870000000000118e+02 9.499999999999999556e-01 8.369999999999999662e-01 3.099999999999999978e-01
1.000000000000000000e+00 9.900000000000000000e+01 2.300000000000000000e+01 6.750000000000000000e+03 2.750000000000000000e+02 0.000000000000000000e+00 0.000000000000000000e+00 0.000000000000000000e+00 0.000000000000000000e+00 0.000000000000000000e+00 0.000000000000000000e+00 0.000000000000000000e+00 0.000000000000000000e+00 0.000000000000000000e+00 0.000000000000000000e+00
1.000000000000000000e+00 9.900000000000000000e+01 2.300000000000000000e+01 6.750000000000000000e+03 3.000000000000000000e+02 1.764999999999999902e+00 5.200000000000000178e-01 1.034472999999999956e+03 1.659999999999999920e+00 1.473000000000000114e+02 2.399999999999999911e+00 4.085760000000000218e+02 1.219999999999999973e+00 9.095999999999999641e-01 2.000000000000000111e-01
1.000000000000000000e+01 9.000000000000000000e+01 2.300000000000000000e+01 7.500000000000000000e+02 2.500000000000000000e+01 1.574000000000000066e+00 6.999999999999999556e-01 3.033199999999999818e+03 1.050000000000000044e+00 1.305000000000000000e+03 2.399999999999999911e+00 1.287778000000000020e+03 1.229999999999999982e+00 8.005999999999999783e-01 3.599999999999999867e-01
1.000000000000000000e+01 9.000000000000000000e+01 2.300000000000000000e+01 7.500000000000000000e+02 5.000000000000000000e+01 1.790000000000000036e+00 5.300000000000000266e-01 2.635418000000000120e+03 1.219999999999999973e+00 1.022000000000000000e+03 4.000000000000000000e+00 1.068964999999999918e+03 2.009999999999999787e+00 1.084500000000000020e+00 2.700000000000000178e-01
1.000000000000000000e+01 9.000000000000000000e+01 2.300000000000000000e+01 7.500000000000000000e+02 7.500000000000000000e+01 0.000000000000000000e+00 0.000000000000000000e+00 0.000000000000000000e+00 0.000000000000000000e+00 0.000000000000000000e+00 0.000000000000000000e+00 0.000000000000000000e+00 0.000000000000000000e+00 0.000000000000000000e+00 0.000000000000000000e+00
1.000000000000000000e+01 9.000000000000000000e+01 2.300000000000000000e+01 7.500000000000000000e+02 1.000000000000000000e+02 2.097999999999999865e+00 4.400000000000000022e-01 2.204601000000000113e+03 1.219999999999999973e+00 8.113999999999999773e+02 3.100000000000000089e+00 8.794809999999999945e+02 1.580000000000000071e+00 1.495900000000000007e+00 1.700000000000000122e-01
1.000000000000000000e+01 9.000000000000000000e+01 2.300000000000000000e+01 7.500000000000000000e+02 1.250000000000000000e+02 2.198999999999999844e+00 4.600000000000000200e-01 2.079030000000000200e+03 1.310000000000000053e+00 7.722000000000000455e+02 1.800000000000000044e+00 8.380919999999999845e+02 9.200000000000000400e-01 1.657699999999999951e+00 2.099999999999999922e-01
1.000000000000000000e+01 9.000000000000000000e+01 2.300000000000000000e+01 7.500000000000000000e+02 1.500000000000000000e+02 2.294000000000000039e+00 3.099999999999999978e-01 2.017366999999999962e+03 9.000000000000000222e-01 6.883999999999999773e+02 1.800000000000000044e+00 7.746989999999999554e+02 9.300000000000000488e-01 1.803099999999999925e+00 1.400000000000000133e-01
1.000000000000000000e+01 9.000000000000000000e+01 2.300000000000000000e+01 7.500000000000000000e+02 1.750000000000000000e+02 0.000000000000000000e+00 0.000000000000000000e+00 0.000000000000000000e+00 0.000000000000000000e+00 0.000000000000000000e+00 0.000000000000000000e+00 0.000000000000000000e+00 0.000000000000000000e+00 0.000000000000000000e+00 0.000000000000000000e+00
1.000000000000000000e+01 9.000000000000000000e+01 2.300000000000000000e+01 7.500000000000000000e+02 2.000000000000000000e+02 2.439999999999999947e+00 5.200000000000000178e-01 1.860546000000000049e+03 1.320000000000000062e+00 6.605000000000000000e+02 1.800000000000000044e+00 7.357690000000000055e+02 9.399999999999999467e-01 2.055000000000000160e+00 2.300000000000000100e-01
1.000000000000000000e+01 9.000000000000000000e+01 2.300000000000000000e+01 7.500000000000000000e+02 2.250000000000000000e+02 2.500000000000000000e+00 6.300000000000000044e-01 1.761131000000000085e+03 1.239999999999999991e+00 6.186000000000000227e+02 3.799999999999999822e+00 7.035109999999999673e+02 1.909999999999999920e+00 2.168200000000000127e+00 2.800000000000000266e-01
1.000000000000000000e+01 9.000000000000000000e+01 2.300000000000000000e+01 7.500000000000000000e+02 2.500000000000000000e+02 2.560999999999999943e+00 6.199999999999999956e-01 1.728115000000000009e+03 1.179999999999999938e+00 5.947999999999999545e+02 1.899999999999999911e+00 6.815130000000000337e+02 1.000000000000000000e+00 2.276100000000000012e+00 2.600000000000000089e-01
1.000000000000000000e+01 9.000000000000000000e+01 2.300000000000000000e+01 7.500000000000000000e+02 2.750000000000000000e+02 2.629000000000000004e+00 4.500000000000000111e-01 1.698844000000000051e+03 1.340000000000000080e+00 5.957000000000000455e+02 4.099999999999999645e+00 6.732000000000000455e+02 2.060000000000000053e+00 2.383900000000000130e+00 2.099999999999999922e-01
1.000000000000000000e+01 9.000000000000000000e+01 2.300000000000000000e+01 7.500000000000000000e+02 3.000000000000000000e+02 2.678999999999999826e+00 7.199999999999999734e-01 1.652623000000000047e+03 1.260000000000000009e+00 6.263999999999999773e+02 1.899999999999999911e+00 6.838700000000000045e+02 1.000000000000000000e+00 2.478600000000000136e+00 3.200000000000000067e-01
1.000000000000000000e+01 9.000000000000000000e+01 2.300000000000000000e+01 2.250000000000000000e+03 2.500000000000000000e+01 1.211999999999999966e+00 5.100000000000000089e-01 2.138378999999999905e+03 1.479999999999999982e+00 7.193999999999999773e+02 1.399999999999999911e+00 1.089673000000000002e+03 7.299999999999999822e-01 4.951999999999999735e-01 3.800000000000000044e-01
1.000000000000000000e+01 9.000000000000000000e+01 2.300000000000000000e+01 2.250000000000000000e+03 5.000000000000000000e+01 0.000000000000000000e+00 0.000000000000000000e+00 0.000000000000000000e+00 0.000000000000000000e+00 0.000000000000000000e+00 0.000000000000000000e+00 0.000000000000000000e+00 0.000000000000000000e+00 0.000000000000000000e+00 0.000000000000000000e+00
1.000000000000000000e+01 9.000000000000000000e+01 2.300000000000000000e+01 2.250000000000000000e+03 7.500000000000000000e+01 1.574000000000000066e+00 6.999999999999999556e-01 1.751219000000000051e+03 1.050000000000000044e+00 4.351000000000000227e+02 2.399999999999999911e+00 7.434990000000000236e+02 1.229999999999999982e+00 8.005999999999999783e-01 3.599999999999999867e-01
1.000000000000000000e+01 9.000000000000000000e+01 2.300000000000000000e+01 2.250000000000000000e+03 1.000000000000000000e+02 1.655000000000000027e+00 5.899999999999999689e-01 1.618599999999999909e+03 1.580000000000000071e+00 3.973999999999999773e+02 3.200000000000000178e+00 6.929629999999999654e+02 1.629999999999999893e+00 9.052999999999999936e-01 2.500000000000000000e-01
1.000000000000000000e+01 9.000000000000000000e+01 2.300000000000000000e+01 2.250000000000000000e+03 1.250000000000000000e+02 1.737999999999999989e+00 4.299999999999999933e-01 1.553493999999999915e+03 1.360000000000000098e+00 3.593000000000000114e+02 2.100000000000000089e+00 6.429589999999999463e+02 1.050000000000000044e+00 1.003500000000000059e+00 2.000000000000000111e-01
1.000000000000000000e+01 9.000000000000000000e+01 2.300000000000000000e+01 2.250000000000000000e+03 1.500000000000000000e+02 1.814999999999999947e+00 5.600000000000000533e-01 1.484373000000000047e+03 1.379999999999999893e+00 3.441000000000000227e+02 3.000000000000000000e+00 6.157559999999999718e+02 1.510000000000000009e+00 1.090700000000000003e+00 2.399999999999999911e-01
1.000000000000000000e+01 9.000000000000000000e+01 2.300000000000000000e+01 2.250000000000000000e+03 1.750000000000000000e+02 1.870999999999999996e+00 7.399999999999999911e-01 1.436326000000000022e+03 1.000000000000000000e+00 3.211999999999999886e+02 2.100000000000000089e+00 5.858759999999999764e+02 1.110000000000000098e+00 1.168400000000000105e+00 3.099999999999999978e-01
1.000000000000000000e+01 9.000000000000000000e+01 2.300000000000000000e+01 2.250000000000000000e+03 2.000000000000000000e+02 1.921999999999999931e+00 5.200000000000000178e-01 1.399286000000000058e+03 9.100000000000000311e-01 3.116999999999999886e+02 2.500000000000000000e+00 5.694859999999999900e+02 1.290000000000000036e+00 1.241200000000000081e+00 2.600000000000000089e-01
1.000000000000000000e+01 9.000000000000000000e+01 2.300000000000000000e+01 2.250000000000000000e+03 2.250000000000000000e+02 0.000000000000000000e+00 0.000000000000000000e+00 0.000000000000000000e+00 0.000000000000000000e+00 0.000000000000000000e+00 0.000000000000000000e+00 0.000000000000000000e+00 0.000000000000000000e+00 0.000000000000000000e+00 0.000000000000000000e+00
1.000000000000000000e+01 9.000000000000000000e+01 2.300000000000000000e+01 2.250000000000000000e+03 2.500000000000000000e+02 2.020999999999999908e+00 5.400000000000000355e-01 1.348460000000000036e+03 1.689999999999999947e+00 2.928000000000000114e+02 1.699999999999999956e+00 5.382989999999999782e+02 8.800000000000000044e-01 1.377499999999999947e+00 2.999999999999999889e-01
1.000000000000000000e+01 9.000000000000000000e+01 2.300000000000000000e+01 2.250000000000000000e+03 2.750000000000000000e+02 2.056999999999999940e+00 5.200000000000000178e-01 1.316623000000000047e+03 1.439999999999999947e+00 2.800000000000000000e+02 2.200000000000000178e+00 5.216849999999999454e+02 1.120000000000000107e+00 1.441000000000000059e+00 1.700000000000000122e-01
1.000000000000000000e+01 9.000000000000000000e+01 2.300000000000000000e+01 2.250000000000000000e+03 3.000000000000000000e+02 2.097999999999999865e+00 4.400000000000000022e-01 1.272826999999999998e+03 1.219999999999999973e+00 2.705000000000000000e+02 3.100000000000000089e+00 5.077690000000000055e+02 1.580000000000000071e+00 1.495900000000000007e+00 1.700000000000000122e-01
1.000000000000000000e+01 9.000000000000000000e+01 2.300000000000000000e+01 4.500000000000000000e+03 2.500000000000000000e+01 9.623000000000000442e-01 1.179999999999999938e+00 1.570144000000000005e+03 1.389999999999999902e+00 6.141000000000000227e+02 4.500000000000000000e+00 1.129691000000000031e+03 2.339999999999999858e+00 3.391000000000000125e-01 8.599999999999999867e-01
1.000000000000000000e+01 9.000000000000000000e+01 2.300000000000000000e+01 4.500000000000000000e+03 5.000000000000000000e+01 1.211999999999999966e+00 5.100000000000000089e-01 1.512061999999999898e+03 1.479999999999999982e+00 3.596999999999999886e+02 1.399999999999999911e+00 7.705149999999999864e+02 7.299999999999999822e-01 4.951999999999999735e-01 3.800000000000000044e-01
1.000000000000000000e+01 9.000000000000000000e+01 2.300000000000000000e+01 4.500000000000000000e+03 7.500000000000000000e+01 1.358000000000000096e+00 7.099999999999999645e-01 1.395423999999999978e+03 1.969999999999999973e+00 3.078999999999999773e+02 3.000000000000000000e+00 6.734560000000000173e+02 1.550000000000000044e+00 5.947000000000000064e-01 3.400000000000000244e-01
1.000000000000000000e+01 9.000000000000000000e+01 2.300000000000000000e+01 4.500000000000000000e+03 1.000000000000000000e+02 0.000000000000000000e+00 0.000000000000000000e+00 0.000000000000000000e+00 0.000000000000000000e+00 0.000000000000000000e+00 0.000000000000000000e+00 0.000000000000000000e+00 0.000000000000000000e+00 0.000000000000000000e+00 0.000000000000000000e+00
1.000000000000000000e+01 9.000000000000000000e+01 2.300000000000000000e+01 4.500000000000000000e+03 1.250000000000000000e+02 1.504999999999999893e+00 6.700000000000000400e-01 1.258224999999999909e+03 1.570000000000000062e+00 2.241999999999999886e+02 2.200000000000000178e+00 5.458759999999999764e+02 1.159999999999999920e+00 7.383999999999999453e-01 3.200000000000000067e-01
1.000000000000000000e+01 9.000000000000000000e+01 2.300000000000000000e+01 4.500000000000000000e+03 1.500000000000000000e+02 1.574000000000000066e+00 6.999999999999999556e-01 1.238298999999999978e+03 1.050000000000000044e+00 2.175000000000000000e+02 2.399999999999999911e+00 5.257329999999999472e+02 1.229999999999999982e+00 8.005999999999999783e-01 3.599999999999999867e-01
1.000000000000000000e+01 9.000000000000000000e+01 2.300000000000000000e+01 4.500000000000000000e+03 1.750000000000000000e+02 1.631000000000000005e+00 7.199999999999999734e-01 1.190478000000000065e+03 1.320000000000000062e+00 2.109000000000000057e+02 2.299999999999999822e+00 5.085480000000000018e+02 1.179999999999999938e+00 8.566000000000000281e-01 3.099999999999999978e-01
1.000000000000000000e+01 9.000000000000000000e+01 2.300000000000000000e+01 4.500000000000000000e+03 2.000000000000000000e+02 1.655000000000000027e+00 5.899999999999999689e-01 1.144522999999999911e+03 1.580000000000000071e+00 1.986999999999999886e+02 3.200000000000000178e+00 4.899990000000000236e+02 1.629999999999999893e+00 9.052999999999999936e-01 2.500000000000000000e-01
1.000000000000000000e+01 9.000000000000000000e+01 2.300000000000000000e+01 4.500000000000000000e+03 2.250000000000000000e+02 1.699999999999999956e+00 5.000000000000000000e-01 1.138625999999999976e+03 1.139999999999999902e+00 1.906999999999999886e+02 2.700000000000000178e+00 4.736689999999999827e+02 1.399999999999999911e+00 9.556999999999999940e-01 2.399999999999999911e-01
1.000000000000000000e+01 9.000000000000000000e+01 2.300000000000000000e+01 4.500000000000000000e+03 2.500000000000000000e+02 1.737999999999999989e+00 4.299999999999999933e-01 1.098486000000000104e+03 1.360000000000000098e+00 1.795999999999999943e+02 2.100000000000000089e+00 4.546410000000000196e+02 1.050000000000000044e+00 1.003500000000000059e+00 2.000000000000000111e-01
1.000000000000000000e+01 9.000000000000000000e+01 2.300000000000000000e+01 4.500000000000000000e+03 2.750000000000000000e+02 1.776999999999999913e+00 4.199999999999999845e-01 1.064133000000000038e+03 9.000000000000000222e-01 1.798000000000000114e+02 2.799999999999999822e+00 4.499270000000000209e+02 1.399999999999999911e+00 1.046699999999999964e+00 1.600000000000000033e-01
1.000000000000000000e+01 9.000000000000000000e+01 2.300000000000000000e+01 4.500000000000000000e+03 3.000000000000000000e+02 1.814999999999999947e+00 5.600000000000000533e-01 1.049609999999999900e+03 1.379999999999999893e+00 1.720000000000000000e+02 3.000000000000000000e+00 4.354049999999999727e+02 1.510000000000000009e+00 1.090700000000000003e+00 2.399999999999999911e-01
1.000000000000000000e+01 9.000000000000000000e+01 2.300000000000000000e+01 6.750000000000000000e+03 2.500000000000000000e+01 6.824000000000000066e-01 1.909999999999999920e+00 1.233077999999999975e+03 1.780000000000000027e+00 5.081000000000000227e+02 4.700000000000000178e+00 1.220314000000000078e+03 2.549999999999999822e+00 2.215000000000000024e-01 1.239999999999999991e+00
1.000000000000000000e+01 9.000000000000000000e+01 2.300000000000000000e+01 6.750000000000000000e+03 5.000000000000000000e+01 1.088999999999999968e+00 1.239999999999999991e+00 1.277809999999999945e+03 1.590000000000000080e+00 3.183999999999999773e+02 4.000000000000000000e+00 7.648039999999999736e+02 2.080000000000000071e+00 4.060000000000000275e-01 6.199999999999999956e-01
1.000000000000000000e+01 9.000000000000000000e+01 2.300000000000000000e+01 6.750000000000000000e+03 7.500000000000000000e+01 1.223000000000000087e+00 7.500000000000000000e-01 1.208800999999999931e+03 1.050000000000000044e+00 2.416999999999999886e+02 2.000000000000000000e+00 6.287849999999999682e+02 1.050000000000000044e+00 4.975999999999999868e-01 3.599999999999999867e-01
1.000000000000000000e+01 9.000000000000000000e+01 2.300000000000000000e+01 6.750000000000000000e+03 1.000000000000000000e+02 1.302999999999999936e+00 8.399999999999999689e-01 1.183903999999999996e+03 1.290000000000000036e+00 2.090000000000000000e+02 3.600000000000000089e+00 5.662749999999999773e+02 1.850000000000000089e+00 5.634000000000000119e-01 3.400000000000000244e-01
1.000000000000000000e+01 9.000000000000000000e+01 2.300000000000000000e+01 6.750000000000000000e+03 1.250000000000000000e+02 1.383999999999999897e+00 8.800000000000000044e-01 1.120268000000000029e+03 1.260000000000000009e+00 1.948000000000000114e+02 2.600000000000000089e+00 5.305810000000000173e+02 1.379999999999999893e+00 6.211999999999999744e-01 3.800000000000000044e-01
1.000000000000000000e+01 9.000000000000000000e+01 2.300000000000000000e+01 6.750000000000000000e+03 1.500000000000000000e+02 0.000000000000000000e+00 0.000000000000000000e+00 0.000000000000000000e+00 0.000000000000000000e+00 0.000000000000000000e+00 0.000000000000000000e+00 0.000000000000000000e+00 0.000000000000000000e+00 0.000000000000000000e+00 0.000000000000000000e+00
1.000000000000000000e+01 9.000000000000000000e+01 2.300000000000000000e+01 6.750000000000000000e+03 1.750000000000000000e+02 1.473000000000000087e+00 6.899999999999999467e-01 1.080955999999999904e+03 1.129999999999999893e+00 1.580000000000000000e+02 2.100000000000000089e+00 4.631960000000000264e+02 1.110000000000000098e+00 7.124000000000000332e-01 3.200000000000000067e-01
1.000000000000000000e+01 9.000000000000000000e+01 2.300000000000000000e+01 6.750000000000000000e+03 2.000000000000000000e+02 1.526000000000000023e+00 6.199999999999999956e-01 1.036688000000000102e+03 1.530000000000000027e+00 1.515999999999999943e+02 1.500000000000000000e+00 4.457970000000000255e+02 8.100000000000000533e-01 7.580000000000000071e-01 2.999999999999999889e-01
1.000000000000000000e+01 9.000000000000000000e+01 2.300000000000000000e+01 6.750000000000000000e+03 2.250000000000000000e+02 1.574000000000000066e+00 6.999999999999999556e-01 1.011067000000000007e+03 1.050000000000000044e+00 1.450000000000000000e+02 2.399999999999999911e+00 4.292590000000000146e+02 1.229999999999999982e+00 8.005999999999999783e-01 3.599999999999999867e-01
1.000000000000000000e+01 9.000000000000000000e+01 2.300000000000000000e+01 6.750000000000000000e+03 2.500000000000000000e+02 1.606000000000000094e+00 6.800000000000000488e-01 9.900209999999999582e+02 1.560000000000000053e+00 1.405999999999999943e+02 2.899999999999999911e+00 4.183509999999999991e+02 1.469999999999999973e+00 8.383000000000000451e-01 3.200000000000000067e-01
1.000000000000000000e+01 9.000000000000000000e+01 2.300000000000000000e+01 6.750000000000000000e+03 2.750000000000000000e+02 1.627999999999999892e+00 4.699999999999999734e-01 9.679329999999999927e+02 1.550000000000000044e+00 1.393000000000000114e+02 3.399999999999999911e+00 4.137259999999999991e+02 1.719999999999999973e+00 8.718000000000000194e-01 2.500000000000000000e-01
1.000000000000000000e+01 9.000000000000000000e+01 2.300000000000000000e+01 6.750000000000000000e+03 3.000000000000000000e+02 1.655000000000000027e+00 5.899999999999999689e-01 9.344990000000000236e+02 1.580000000000000071e+00 1.325000000000000000e+02 3.200000000000000178e+00 4.000819999999999936e+02 1.629999999999999893e+00 9.052999999999999936e-01 2.500000000000000000e-01
1.000000000000000000e+02 0.000000000000000000e+00 2.300000000000000000e+01 7.500000000000000000e+02 2.500000000000000000e+01 8.091000000000000414e-01 1.540000000000000036e+00 4.200681999999999789e+03 2.600000000000000089e+00 6.460000000000000000e+02 8.900000000000000355e+00 1.263692999999999984e+03 4.500000000000000000e+00 8.033000000000000140e-01 8.299999999999999600e-01
1.000000000000000000e+02 0.000000000000000000e+00 2.300000000000000000e+01 7.500000000000000000e+02 5.000000000000000000e+01 9.317999999999999616e-01 8.399999999999999689e-01 3.495403999999999996e+03 4.559999999999999609e+00 4.213999999999999773e+02 5.099999999999999645e+00 9.510330000000000155e+02 2.560000000000000053e+00 1.028399999999999981e+00 4.199999999999999845e-01
1.000000000000000000e+02 0.000000000000000000e+00 2.300000000000000000e+01 7.500000000000000000e+02 7.500000000000000000e+01 1.016999999999999904e+00 8.000000000000000444e-01 3.430891000000000076e+03 3.029999999999999805e+00 3.745000000000000000e+02 1.090000000000000036e+01 8.581760000000000446e+02 5.480000000000000426e+00 1.171599999999999975e+00 2.600000000000000089e-01
1.000000000000000000e+02 0.000000000000000000e+00 2.300000000000000000e+01 7.500000000000000000e+02 1.000000000000000000e+02 1.066000000000000059e+00 7.199999999999999734e-01 3.184396999999999935e+03 2.540000000000000036e+00 3.030000000000000000e+02 5.500000000000000000e+00 7.539410000000000309e+02 2.770000000000000018e+00 1.285199999999999898e+00 2.600000000000000089e-01
1.000000000000000000e+02 0.000000000000000000e+00 2.300000000000000000e+01 7.500000000000000000e+02 1.250000000000000000e+02 1.141000000000000014e+00 9.599999999999999645e-01 2.872920999999999822e+03 3.799999999999999822e+00 2.705000000000000000e+02 7.400000000000000355e+00 6.886209999999999809e+02 3.740000000000000213e+00 1.395100000000000007e+00 3.599999999999999867e-01
1.000000000000000000e+02 0.000000000000000000e+00 2.300000000000000000e+01 7.500000000000000000e+02 1.500000000000000000e+02 1.177000000000000046e+00 9.300000000000000488e-01 2.733681999999999789e+03 3.939999999999999947e+00 2.486999999999999886e+02 6.700000000000000178e+00 6.500760000000000218e+02 3.390000000000000124e+00 1.483000000000000096e+00 3.099999999999999978e-01
1.000000000000000000e+02 0.000000000000000000e+00 2.300000000000000000e+01 7.500000000000000000e+02 1.750000000000000000e+02 1.209999999999999964e+00 6.400000000000000133e-01 2.573766000000000076e+03 3.169999999999999929e+00 2.253000000000000114e+02 7.200000000000000178e+00 6.101140000000000327e+02 3.629999999999999893e+00 1.562999999999999945e+00 2.800000000000000266e-01
1.000000000000000000e+02 0.000000000000000000e+00 2.300000000000000000e+01 7.500000000000000000e+02 2.000000000000000000e+02 1.254999999999999893e+00 5.500000000000000444e-01 2.498226999999999862e+03 2.520000000000000018e+00 2.471999999999999886e+02 4.900000000000000355e+00 6.275380000000000109e+02 2.459999999999999964e+00 1.642700000000000049e+00 2.000000000000000111e-01
1.000000000000000000e+02 0.000000000000000000e+00 2.300000000000000000e+01 7.500000000000000000e+02 2.250000000000000000e+02 1.290000000000000036e+00 1.000000000000000000e+00 2.315920000000000073e+03 3.069999999999999840e+00 2.500000000000000000e+02 5.200000000000000178e+00 6.226369999999999436e+02 2.669999999999999929e+00 1.717700000000000005e+00 3.800000000000000044e-01
1.000000000000000000e+02 0.000000000000000000e+00 2.300000000000000000e+01 7.500000000000000000e+02 2.500000000000000000e+02 1.314000000000000057e+00 1.070000000000000062e+00 2.235824000000000069e+03 3.870000000000000107e+00 2.339000000000000057e+02 7.200000000000000178e+00 5.966559999999999491e+02 3.629999999999999893e+00 1.782899999999999929e+00 4.500000000000000111e-01
1.000000000000000000e+02 0.000000000000000000e+00 2.300000000000000000e+01 7.500000000000000000e+02 2.750000000000000000e+02 1.346000000000000085e+00 1.139999999999999902e+00 2.297244000000000142e+03 3.089999999999999858e+00 2.235000000000000000e+02 7.700000000000000178e+00 5.762569999999999482e+02 3.870000000000000107e+00 1.848400000000000043e+00 4.400000000000000022e-01
1.000000000000000000e+02 0.000000000000000000e+00 2.300000000000000000e+01 7.500000000000000000e+02 3.000000000000000000e+02 1.372000000000000108e+00 5.899999999999999689e-01 2.120257999999999811e+03 2.569999999999999840e+00 2.151999999999999886e+02 3.200000000000000178e+00 5.599640000000000555e+02 1.629999999999999893e+00 1.914099999999999913e+00 3.099999999999999978e-01
1.000000000000000000e+02 0.000000000000000000e+00 2.300000000000000000e+01 2.250000000000000000e+03 2.500000000000000000e+01 0.000000000000000000e+00 0.000000000000000000e+00 0.000000000000000000e+00 0.000000000000000000e+00 0.000000000000000000e+00 0.000000000000000000e+00 0.000000000000000000e+00 0.000000000000000000e+00 0.000000000000000000e+00 0.000000000000000000e+00
1.000000000000000000e+02 0.000000000000000000e+00 2.300000000000000000e+01 2.250000000000000000e+03 5.000000000000000000e+01 6.937999999999999723e-01 1.959999999999999964e+00 2.450157000000000153e+03 5.379999999999999893e+00 3.741000000000000227e+02 7.700000000000000178e+00 1.038423000000000002e+03 3.959999999999999964e+00 6.139000000000000012e-01 2.319999999999999840e+00
1.000000000000000000e+02 0.000000000000000000e+00 2.300000000000000000e+01 2.250000000000000000e+03 7.500000000000000000e+01 8.024000000000000021e-01 9.599999999999999645e-01 2.403054999999999836e+03 2.729999999999999982e+00 2.240999999999999943e+02 1.130000000000000071e+01 7.474089999999999918e+02 5.690000000000000391e+00 7.973999999999999977e-01 6.999999999999999556e-01
1.000000000000000000e+02 0.000000000000000000e+00 2.300000000000000000e+01 2.250000000000000000e+03 1.000000000000000000e+02 8.679999999999999938e-01 9.699999999999999734e-01 2.210012999999999920e+03 4.070000000000000284e+00 1.766999999999999886e+02 4.500000000000000000e+00 6.380810000000000173e+02 2.290000000000000036e+00 8.972999999999999865e-01 4.099999999999999756e-01
1.000000000000000000e+02 0.000000000000000000e+00 2.300000000000000000e+01 2.250000000000000000e+03 1.250000000000000000e+02 9.073999999999999844e-01 9.499999999999999556e-01 2.197829999999999927e+03 2.600000000000000089e+00 1.473000000000000114e+02 6.099999999999999645e+00 5.698519999999999754e+02 3.100000000000000089e+00 9.721999999999999531e-01 4.400000000000000022e-01
1.000000000000000000e+02 0.000000000000000000e+00 2.300000000000000000e+01 2.250000000000000000e+03 1.500000000000000000e+02 9.317999999999999616e-01 8.399999999999999689e-01 2.018073000000000093e+03 4.559999999999999609e+00 1.405000000000000000e+02 5.099999999999999645e+00 5.490789999999999509e+02 2.560000000000000053e+00 1.028399999999999981e+00 4.199999999999999845e-01
1.000000000000000000e+02 0.000000000000000000e+00 2.300000000000000000e+01 2.250000000000000000e+03 1.750000000000000000e+02 0.000000000000000000e+00 0.000000000000000000e+00 0.000000000000000000e+00 0.000000000000000000e+00 0.000000000000000000e+00 0.000000000000000000e+00 0.000000000000000000e+00 0.000000000000000000e+00 0.000000000000000000e+00 0.000000000000000000e+00
1.000000000000000000e+02 0.000000000000000000e+00 2.300000000000000000e+01 2.250000000000000000e+03 2.000000000000000000e+02 9.798000000000000043e-01 1.060000000000000053e+00 2.007757000000000062e+03 3.850000000000000089e+00 1.165000000000000000e+02 5.400000000000000355e+00 4.876240000000000236e+02 2.729999999999999982e+00 1.123699999999999921e+00 3.099999999999999978e-01
1.000000000000000000e+02 0.000000000000000000e+00 2.300000000000000000e+01 2.250000000000000000e+03 2.250000000000000000e+02 1.010000000000000009e+00 9.100000000000000311e-01 1.993938000000000102e+03 2.879999999999999893e+00 1.255999999999999943e+02 1.050000000000000000e+01 4.985579999999999927e+02 5.269999999999999574e+00 1.169799999999999951e+00 3.099999999999999978e-01
1.000000000000000000e+02 0.000000000000000000e+00 2.300000000000000000e+01 2.250000000000000000e+03 2.500000000000000000e+02 1.040999999999999925e+00 8.000000000000000444e-01 1.799258000000000038e+03 2.569999999999999840e+00 1.092999999999999972e+02 7.000000000000000000e+00 4.580559999999999832e+02 3.529999999999999805e+00 1.215400000000000036e+00 3.200000000000000067e-01
1.000000000000000000e+02 0.000000000000000000e+00 2.300000000000000000e+01 2.250000000000000000e+03 2.750000000000000000e+02 1.048999999999999932e+00 9.899999999999999911e-01 1.773068999999999960e+03 2.629999999999999893e+00 1.030000000000000000e+02 1.019999999999999929e+01 4.432880000000000109e+02 5.139999999999999680e+00 1.246899999999999897e+00 3.800000000000000044e-01
1.000000000000000000e+02 0.000000000000000000e+00 2.300000000000000000e+01 2.250000000000000000e+03 3.000000000000000000e+02 1.068000000000000060e+00 7.900000000000000355e-01 1.780176999999999907e+03 2.930000000000000160e+00 1.062000000000000028e+02 7.500000000000000000e+00 4.457769999999999868e+02 3.790000000000000036e+00 1.288300000000000001e+00 2.899999999999999800e-01
1.000000000000000000e+02 0.000000000000000000e+00 2.300000000000000000e+01 4.500000000000000000e+03 2.500000000000000000e+01 7.341999999999999915e-02 5.870000000000000107e+00 4.307500000000000000e+02 4.410000000000000142e+00 8.359999999999999432e+00 7.000000000000000000e+00 4.772149999999999750e+02 4.559999999999999609e+00 4.120000000000000051e-02 1.040000000000000036e+00
1.000000000000000000e+02 0.000000000000000000e+00 2.300000000000000000e+01 4.500000000000000000e+03 5.000000000000000000e+01 0.000000000000000000e+00 0.000000000000000000e+00 0.000000000000000000e+00 0.000000000000000000e+00 0.000000000000000000e+00 0.000000000000000000e+00 0.000000000000000000e+00 0.000000000000000000e+00 0.000000000000000000e+00 0.000000000000000000e+00
1.000000000000000000e+02 0.000000000000000000e+00 2.300000000000000000e+01 4.500000000000000000e+03 7.500000000000000000e+01 4.879000000000000004e-01 4.360000000000000320e+00 1.526049999999999955e+03 5.490000000000000213e+00 2.896999999999999886e+02 1.019999999999999929e+01 1.089765000000000100e+03 5.559999999999999609e+00 3.758000000000000229e-01 4.650000000000000355e+00
1.000000000000000000e+02 0.000000000000000000e+00 2.300000000000000000e+01 4.500000000000000000e+03 1.000000000000000000e+02 6.937999999999999723e-01 1.959999999999999964e+00 1.732522999999999911e+03 5.379999999999999893e+00 1.870000000000000000e+02 7.700000000000000178e+00 7.342759999999999536e+02 3.959999999999999964e+00 6.139000000000000012e-01 2.319999999999999840e+00
1.000000000000000000e+02 0.000000000000000000e+00 2.300000000000000000e+01 4.500000000000000000e+03 1.250000000000000000e+02 7.571999999999999842e-01 1.699999999999999956e+00 1.717644000000000005e+03 3.120000000000000107e+00 1.360999999999999943e+02 8.800000000000000711e+00 5.996620000000000346e+02 4.469999999999999751e+00 7.197000000000000064e-01 1.290000000000000036e+00
1.000000000000000000e+02 0.000000000000000000e+00 2.300000000000000000e+01 4.500000000000000000e+03 1.500000000000000000e+02 8.024000000000000021e-01 9.599999999999999645e-01 1.699217000000000098e+03 2.729999999999999982e+00 1.120999999999999943e+02 1.130000000000000071e+01 5.284980000000000473e+02 5.690000000000000391e+00 7.973999999999999977e-01 6.999999999999999556e-01
1.000000000000000000e+02 0.000000000000000000e+00 2.300000000000000000e+01 4.500000000000000000e+03 1.750000000000000000e+02 8.502999999999999448e-01 7.299999999999999822e-01 1.609547000000000025e+03 3.500000000000000000e+00 1.065000000000000000e+02 4.599999999999999645e+00 5.006150000000000091e+02 2.319999999999999840e+00 8.579999999999999849e-01 3.599999999999999867e-01
1.000000000000000000e+02 0.000000000000000000e+00 2.300000000000000000e+01 4.500000000000000000e+03 2.000000000000000000e+02 8.679999999999999938e-01 9.699999999999999734e-01 1.580788000000000011e+03 1.459999999999999964e+00 1.272999999999999972e+02 1.800000000000000044e+00 5.416390000000000100e+02 1.020000000000000018e+00 8.972999999999999865e-01 4.099999999999999756e-01
1.000000000000000000e+02 0.000000000000000000e+00 2.300000000000000000e+01 4.500000000000000000e+03 2.250000000000000000e+02 8.911999999999999922e-01 1.439999999999999947e+00 1.581070999999999913e+03 1.320000000000000062e+00 1.160999999999999943e+02 2.500000000000000000e+00 5.103399999999999750e+02 1.459999999999999964e+00 9.407999999999999696e-01 5.000000000000000000e-01
1.000000000000000000e+02 0.000000000000000000e+00 2.300000000000000000e+01 4.500000000000000000e+03 2.500000000000000000e+02 9.073999999999999844e-01 9.499999999999999556e-01 1.539563000000000102e+03 1.610000000000000098e+00 1.070000000000000000e+02 1.500000000000000000e+00 4.856680000000000064e+02 8.699999999999999956e-01 9.721999999999999531e-01 4.400000000000000022e-01
1.000000000000000000e+02 0.000000000000000000e+00 2.300000000000000000e+01 4.500000000000000000e+03 2.750000000000000000e+02 9.130000000000000338e-01 4.699999999999999734e-01 1.522895999999999958e+03 1.360000000000000098e+00 1.010000000000000000e+02 1.699999999999999956e+00 4.703620000000000232e+02 8.900000000000000133e-01 9.979000000000000092e-01 1.300000000000000044e-01
1.000000000000000000e+02 0.000000000000000000e+00 2.300000000000000000e+01 4.500000000000000000e+03 3.000000000000000000e+02 9.317999999999999616e-01 8.399999999999999689e-01 1.469451999999999998e+03 1.550000000000000044e+00 9.504000000000000625e+01 1.800000000000000044e+00 4.516650000000000205e+02 1.010000000000000009e+00 1.028399999999999981e+00 4.199999999999999845e-01
1.000000000000000000e+02 0.000000000000000000e+00 2.300000000000000000e+01 6.750000000000000000e+03 2.500000000000000000e+01 4.598000000000000004e-02 6.389999999999999680e+00 4.417470000000000141e+02 5.730000000000000426e+00 3.778000000000000025e+00 5.599999999999999645e+00 4.053629999999999995e+02 4.240000000000000213e+00 3.969999999999999918e-02 2.270000000000000018e+00
1.000000000000000000e+02 0.000000000000000000e+00 2.300000000000000000e+01 6.750000000000000000e+03 5.000000000000000000e+01 0.000000000000000000e+00 0.000000000000000000e+00 0.000000000000000000e+00 0.000000000000000000e+00 0.000000000000000000e+00 0.000000000000000000e+00 0.000000000000000000e+00 0.000000000000000000e+00 0.000000000000000000e+00 0.000000000000000000e+00
1.000000000000000000e+02 0.000000000000000000e+00 2.300000000000000000e+01 6.750000000000000000e+03 7.500000000000000000e+01 1.920000000000000040e-01 9.789999999999999147e+00 9.578269999999999982e+02 1.950000000000000000e+01 7.434000000000000341e+01 3.950000000000000000e+01 8.800280000000000200e+02 2.033999999999999986e+01 1.042000000000000010e-01 1.205000000000000071e+01
1.000000000000000000e+02 0.000000000000000000e+00 2.300000000000000000e+01 6.750000000000000000e+03 1.000000000000000000e+02 4.254999999999999893e-01 8.390000000000000568e+00 1.157028999999999996e+03 8.949999999999999289e+00 1.855000000000000000e+02 1.860000000000000142e+01 9.338150000000000546e+02 1.017999999999999972e+01 3.054999999999999938e-01 1.051999999999999957e+01
1.000000000000000000e+02 0.000000000000000000e+00 2.300000000000000000e+01 6.750000000000000000e+03 1.250000000000000000e+02 5.679999999999999494e-01 2.169999999999999929e+00 1.343575000000000045e+03 4.070000000000000284e+00 1.556999999999999886e+02 4.700000000000000178e+00 7.404139999999999873e+02 2.580000000000000071e+00 4.598999999999999755e-01 3.049999999999999822e+00
1.000000000000000000e+02 0.000000000000000000e+00 2.300000000000000000e+01 6.750000000000000000e+03 1.500000000000000000e+02 6.771000000000000352e-01 2.390000000000000124e+00 1.421710000000000036e+03 3.450000000000000178e+00 1.430000000000000000e+02 3.600000000000000089e+00 6.500009999999999764e+02 2.149999999999999911e+00 6.024000000000000465e-01 2.120000000000000107e+00
1.000000000000000000e+02 0.000000000000000000e+00 2.300000000000000000e+01 6.750000000000000000e+03 1.750000000000000000e+02 7.357000000000000206e-01 1.899999999999999911e+00 1.384586999999999989e+03 2.209999999999999964e+00 1.277000000000000028e+02 4.099999999999999645e+00 5.891430000000000291e+02 2.259999999999999787e+00 6.881000000000000449e-01 1.389999999999999902e+00
1.000000000000000000e+02 0.000000000000000000e+00 2.300000000000000000e+01 6.750000000000000000e+03 2.000000000000000000e+02 7.742999999999999883e-01 1.229999999999999982e+00 1.401400000000000091e+03 1.379999999999999893e+00 1.172999999999999972e+02 3.100000000000000089e+00 5.503619999999999663e+02 1.659999999999999920e+00 7.496000000000000441e-01 9.200000000000000400e-01
1.000000000000000000e+02 0.000000000000000000e+00 2.300000000000000000e+01 6.750000000000000000e+03 2.250000000000000000e+02 7.990000000000000435e-01 9.200000000000000400e-01 1.353777000000000044e+03 1.290000000000000036e+00 1.085999999999999943e+02 1.899999999999999911e+00 5.214750000000000227e+02 1.060000000000000053e+00 7.960000000000000409e-01 7.299999999999999822e-01
1.000000000000000000e+02 0.000000000000000000e+00 2.300000000000000000e+01 6.750000000000000000e+03 2.500000000000000000e+02 8.346000000000000085e-01 1.449999999999999956e+00 1.322192000000000007e+03 1.750000000000000000e+00 1.010000000000000000e+02 2.000000000000000000e+00 4.919809999999999945e+02 1.229999999999999982e+00 8.372000000000000552e-01 6.800000000000000488e-01
1.000000000000000000e+02 0.000000000000000000e+00 2.300000000000000000e+01 6.750000000000000000e+03 2.750000000000000000e+02 8.688000000000000167e-01 1.290000000000000036e+00 1.293692000000000007e+03 1.929999999999999938e+00 8.790000000000000568e+01 1.699999999999999956e+00 4.498090000000000259e+02 1.080000000000000071e+00 8.813999999999999613e-01 8.000000000000000444e-01
1.000000000000000000e+02 0.000000000000000000e+00 2.300000000000000000e+01 6.750000000000000000e+03 3.000000000000000000e+02 8.727000000000000313e-01 1.050000000000000044e+00 1.290871000000000095e+03 1.280000000000000027e+00 8.526000000000000512e+01 1.500000000000000000e+00 4.420230000000000246e+02 9.100000000000000311e-01 9.018000000000000460e-01 4.899999999999999911e-01
